754
716
193
577
162
536
526
689
925
446
231
137
651
193
956
436
891
820
901
107
310
286
87
937
415
317
416
559
851
43
243
126
878
953
144
57
24
721
742
636
687
653
625
92
966
992
944
502
327
277
997
517
487
650
625
576
232
871
239
436
59
722
451
670
240
95
620
965
122
204
89
887
447
422
659
502
324
720
44
749
349
749
333
858
469
846
67
812
679
192
569
623
30
48
347
865
944
695
459
933
360
188
236
406
602
258
965
15
865
419
301
456
189
360
956
742
192
141
564
670
442
193
555
496
980
103
124
642
413
608
876
129
5
616
675
997
615
96
786
461
684
711
230
212
133
398
937
887
202
307
912
491
269
688
573
927
193
835
888
491
314
391
839
578
214
305
758
738
605
506
532
793
951
266
404
807
466
569
368
694
613
250
29
567
551
629
445
547
557
739
656
290
770
618
100
163
369
204
797
886
532
276
304
70
523
958
370
323
890
944
521
199
887
271
693
761
282
452
255
242
500
373
841
44
635
624
249
230
291
416
479
365
143
84
573
734
427
112
611
962
896
594
876
18
806
768
60
707
469
307
261
204
510
233
742
129
265
420
72
252
51
953
695
585
543
796
164
425
161
602
254
703
984
556
453
131
83
710
668
480
563
535
318
976
965
504
468
678
223
251
262
936
834
818
857
881
221
109
912
114
413
787
124
422
715
267
87
328
619
602
179
606
477
444
770
654
533
998
99
758
866
407
21
80
940
766
238
111
573
881
588
296
130
592
992
107
322
900
293
642
488
701
569
369
203
449
904
957
118
176
423
558
668
64
428
910
210
979
106
185
886
563
509
133
344
669
81
896
551
809
951
478
360
755
746
73
352
373
974
720
625
736
511
610
173
425
86
904
997
205
268
515
460
332
215
112
466
36
111
906
449
867
209
784
451
692
601
879
383
840
475
945
187
588
578
167
645
16
803
127
422
524
947
841
479
308
782
119
476
503
826
211
61
287
723
483
750
499
774
85
510
187
623
930
626
20
432
740
605
326
66
718
563
600
702
828
592
743
536
845
947
950
734
49
887
247
615
306
684
325
180
377
310
627
348
284
646
180
629
204
211
889
495
426
357
357
960
898
602
95
896
138
451
974
436
781
574
718
178
310
835
642
691
423
732
81
572
71
753
601
285
2
424
494
16
622
898
301
577
701
566
124
699
256
399
900
111
90
925
565
152
451
627
345
955
551
594
907
144
169
126
725
179
629
734
183
518
241
447
154
119
161
64
792
751
856
372
541
118
562
664
935
924
231
210
611
915
193
521
551
33
312
619
265
756
586
139
958
369
231
973
518
887
522
591
369
442
351
213
729
383
439
237
71
561
693
671
506
54
283
14
383
798
651
645
100
98
991
847
645
693
930
916
406
484
651
951
643
350
845
760
116
369
4
283
226
491
989
869
591
324
649
863
122
397
687
110
690
928
391
833
859
379
740
12
319
942
281
289
169
706
591
887
77
64
219
953
714
633
963
772
672
163
500
658
651
622
282
918
526
154
51
545
41
756
355
315
242
66
270
712
223
381
218
140
346
332
29
885
966
427
354
1
136
773
792
233
256
38
34
624
129
74
98
638
714
36
502
986
970
761
615
987
584
545
682
528
24
852
714
925
133
864
402
608
909
985
843
6
400
156
466
923
410
510
559
825
641
11
654
895
650
866
616
628
59
737
724
615
933
986
766
333
396
986
559
741
739
665
405
571
686
581
509
817
454
352
49
708
874
802
408
913
151
104
552
127
633
73
827
366
947
36
933
153
905
741
447
964
872
827
655
629
579
363
632
583
21
279
0
634
609
42
428
168
739
958
449
715
23
259
667
420
708
292
713
694
282
67
736
144
259
919
951
416
482
857
656
751
101
396
213
861
824
495
347
63
535
128
645
180
644
487
511
100
426
311
816
485
689
927
95
264
608
266
794
6
155
654
809
973
346
510
141
935
70
493
16
53
914
313
518
717
817
245
831
433
390
765
253
728
822
920
868
365
561
107
172
262
878
182
83
194
319
665
546
910
544
437
814
810
218
510
584
45
802
239
429
723
683
782
624
34
118
449
648
819
315
71
706
624
799
227
498
79
612
827
878
602
85
932
402
707
406
382
911
257
352
889
84
460
547
21
653
319
777
570
475
824
262
252
9
225
27
178
425
596
222
863
952
105
721
566
861
700
801
46
924
277
941
522
1000
805
356
30
633
687
200
807
223
969
408
507
113
427
494
267
620
479
737
521
79
676
702
287
833
689
555
596
312
539
7
933
463
181
442
168
575
517
639
44
145
429
993
156
163
200
834
333
210
584
84
68
32
397
922
2
564
384
543
265
720
765
492
766
223
705
523
655
437
674
643
410
158
707
607
744
696
535
57
548
931
548
463
918
412
560
150
568
687
377
355
164
540
911
45
416
575
48
125
17
259
366
17
314
52
773
676
751
833
640
76
803
849
720
469
103
506
750
668
271
732
874
729
915
103
581
384
204
206
144
941
191
182
10
63
480
768
710
379
758
126
201
186
171
973
946
217
490
851
857
495
466
884
297
651
932
582
457
567
950
14
838
983
865
245
910
811
520
805
354
777
689
306
650
852
548
357
495
25
499
923
519
542
111
512
518
525
18
153
971
437
924
189
686
730
706
460
203
247
734
494
767
771
377
743
147
992
162
864
183
653
209
579
69
184
604
715
680
484
521
716
218
436
455
713
427
951
115
726
739
638
680
181
949
815
414
253
594
659
171
759
609
583
792
58
285
159
936
240
990
646
204
950
52
11
471
20
767
252
427
529
981
955
94
586
736
42
146
414
696
64
433
98
985
859
989
753
845
844
80
550
347
786
34
741
411
257
61
101
313
265
311
53
273
260
22
516
1
508
659
296
451
426
557
449
616
66
596
848
314
935
579
361
955
978
935
324
317
728
180
979
872
396
724
16
73
222
539
784
765
400
152
794
807
508
997
67
236
802
198
208
906
514
759
967
89
388
831
304
315
250
610
627
704
23
169
850
269
963
488
634
44
559
758
91
818
804
542
56
179
331
209
152
78
113
524
397
878
547
58
51
985
591
992
957
362
677
792
312
706
30
395
428
541
785
802
763
33
9
564
474
41
293
989
893
931
157
740
494
618
259
789
969
475
242
828
567
603
677
91
52
964
533
53
897
571
637
57
384
776
917
360
734
606
884
198
769
673
122
801
275
799
920
22
149
680
758
630
480
21
913
42
699
117
351
154
655
582
555
807
660
462
851
286
944
424
239
78
155
982
198
297
258
805
807
912
889
818
651
556
163
804
16
786
143
818
436
978
114
748
631
582
754
70
99
427
905
658
682
298
131
616
144
741
682
803
601
465
531
399
802
587
889
571
36
872
95
114
208
631
21
290
514
377
709
212
592
370
314
774
247
653
492
163
387
806
34
366
872
807
844
234
969
186
656
686
12
964
469
384
4
978
957
166
623
147
906
823
543
873
453
440
249
422
284
449
102
728
99
211
479
255
1
938
149
679
382
834
813
352
641
165
851
820
260
305
961
564
64
527
825
568
419
969
689
934
731
290
322
592
737
386
809
63
847
393
978
482
431
838
365
753
19
733
579
194
662
267
674
350
346
825
286
333
729
206
837
87
373
469
691
120
218
475
878
873
969
628
552
611
180
647
289
329
917
70
335
970
761
851
98
299
54
777
690
650
588
661
493
17
756
97
110
927
295
414
74
684
270
817
283
832
507
232
734
422
806
164
596
103
942
911
524
542
472
309
607
721
761
818
99
237
847
895
20
606
16
108
390
999
3
591
101
273
635
804
728
972
271
94
954
971
663
215
766
494
193
571
724
602
585
476
408
863
967
252
355
902
909
725
513
320
368
196
55
792
168
190
155
202
567
947
1000
262
918
197
908
490
929
801
31
218
159
509
310
32
168
553
618
415
267
710
345
783
711
207
330
202
95
476
929
582
291
458
866
889
536
548
995
855
594
292
510
170
102
583
362
104
35
345
250
658
985
124
327
972
217
920
850
319
56
538
671
81
985
650
503
805
881
370
7
389
757
118
160
553
851
670
679
698
737
144
827
249
972
757
281
391
651
787
125
582
891
13
336
256
392
175
326
157
60
800
784
873
765
387
667
706
83
509
834
440
865
193
280
177
91
754
253
182
648
712
935
636
549
534
805
77
407
644
632
933
450
111
709
382
326
85
667
334
180
768
501
204
666
556
831
78
965
957
832
929
474
677
485
124
574
24
602
243
91
849
3
372
729
73
51
625
103
503
381
71
590
959
564
372
622
264
21
199
449
184
972
914
40
435
193
755
953
880
400
135
843
917
362
580
490
716
369
186
16
971
930
293
994
388
144
618
54
148
534
870
568
706
255
17
658
711
529
285
358
323
705
844
313
62
941
968
175
987
12
837
633
821
682
875
927
36
303
99
420
692
177
434
244
543
490
751
672
225
368
185
456
621
857
149
463
844
869
556
316
991
287
899
98
608
915
591
678
555
45
866
170
561
856
893
851
820
701
720
125
369
1
414
822
347
631
1000
65
368
796
68
112
603
138
313
257
809
382
792
821
686
977
265
818
346
805
976
552
936
622
386
80
539
623
480
634
551
469
429
153
305
916
130
197
307
625
213
27
441
326
260
326
673
706
528
966
889
553
183
381
562
116
348
485
466
767
878
350
888
638
937
56
483
115
919
802
154
632
172
946
245
67
576
57
37
908
502
232
633
91
917
105
517
545
192
253
448
724
270
98
545
44
582
161
857
473
551
623
489
271
527
472
95
662
652
921
762
182
776
114
284
144
248
16
400
263
885
40
309
494
53
201
924
723
124
536
611
694
822
979
14
529
425
323
668
385
219
767
67
953
548
167
117
828
605
67
670
368
552
677
414
324
450
31
108
614
7
124
990
879
669
657
445
537
55
453
425
269
474
113
711
624
744
749
515
694
954
753
828
132
808
626
719
424
284
75
597
414
535
524
680
69
728
361
1000
460
669
867
17
494
967
816
43
4
732
830
10
772
234
95
220
311
68
78
829
751
755
881
927
885
102
254
506
224
683
556
23
836
122
945
741
51
530
463
620
42
420
257
661
841
652
541
120
845
491
590
739
590
855
712
889
980
140
819
734
905
903
928
592
716
965
598
316
786
174
935
229
233
306
998
515
23
171
751
359
854
948
53
805
822
443
161
468
417
997
560
57
783
535
976
618
102
392
352
840
481
445
919
900
533
583
108
930
764
630
61
862
452
542
838
133
927
35
323
112
558
25
10
741
246
812
374
551
593
942
851
775
830
761
303
869
465
289
905
180
51
982
291
392
661
538
94
100
658
408
652
371
506
940
460
644
108
570
586
958
816
945
531
846
808
430
766
805
612
820
534
580
706
852
654
433
275
984
418
983
676
185
896
759
231
279
101
148
952
636
414
988
824
916
154
604
713
920
26
312
179
220
255
74
385
23
915
367
828
580
687
146
763
512
63
104
599
478
966
446
663
574
6
168
567
104
976
481
461
121
17
170
916
732
828
275
933
350
32
536
370
872
196
37
151
521
138
891
581
289
818
582
285
296
763
281
181
75
652
47
821
233
825
671
80
925
611
202
961
381
377
222
706
177
841
386
78
38
85
860
319
993
829
567
843
646
119
270
797
967
990
381
575
87
885
639
611
700
152
225
307
104
383
264
414
805
424
948
974
230
413
319
801
760
763
230
117
315
464
268
279
339
622
523
422
664
535
610
1
495
692
386
404
318
148
220
361
692
377
953
346
982
812
552
826
873
365
392
131
219
635
0
971
220
154
261
33
154
563
519
969
560
762
849
238
186
830
434
434
428
173
2
727
664
695
222
588
68
178
321
356
597
83
886
574
540
720
990
687
961
147
193
927
498
248
534
430
410
610
54
784
613
773
645
580
76
885
265
587
915
934
304
734
618
271
699
946
514
716
907
854
783
132
983
391
411
528
416
744
893
258
695
699
935
26
664
335
37
47
549
745
949
241
369
200
775
604
539
986
895
169
46
228
670
214
356
91
498
330
608
438
651
193
531
224
558
697
991
205
531
886
973
725
310
525
527
62
995
104
276
719
132
909
954
386
816
396
240
924
965
596
774
259
610
142
731
270
879
227
176
621
590
755
748
139
981
14
584
829
903
521
431
924
24
269
819
557
499
386
462
774
971
64
87
388
879
776
368
228
628
287
96
49
873
620
671
550
92
174
574
22
258
433
213
563
579
725
967
659
359
558
239
835
556
756
960
60
353
211
27
260
369
84
602
79
633
496
869
493
120
248
34
533
341
582
546
323
508
403
246
722
173
473
928
969
449
899
749
817
17
639
504
789
608
975
892
175
764
362
124
334
74
535
759
3
685
865
582
800
767
273
200
762
630
234
947
684
609
712
517
295
931
738
982
613
904
445
356
938
249
731
810
875
147
757
384
671
856
123
853
723
473
529
517
784
754
784
516
293
730
359
210
322
736
657
119
182
847
622
941
701
62
283
258
313
218
351
733
961
601
551
12
392
428
294
932
201
971
545
759
828
792
126
518
163
543
399
140
772
167
525
715
748
503
75
941
415
5
490
170
597
37
340
125
207
929
874
59
204
485
6
321
487
587
140
705
50
276
735
583
170
885
786
787
532
740
932
415
930
894
0
45
259
483
119
41
606
968
992
382
363
758
671
522
815
962
848
763
941
919
769
372
820
426
788
329
401
745
799
592
378
932
738
570
179
600
295
895
504
488
645
267
376
484
492
665
599
986
391
465
676
210
554
317
231
408
450
927
407
964
240
428
535
118
852
853
899
79
521
287
308
509
32
806
750
109
708
821
136
205
888
573
131
47
994
949
232
567
305
122
903
705
670
871
683
569
721
866
487
197
245
160
564
756
681
805
375
173
650
420
851
625
685
463
398
283
136
176
122
809
567
107
348
587
809
27
879
557
766
111
25
692
931
87
237
710
861
432
394
786
310
219
461
638
156
360
853
967
426
423
322
788
703
654
804
286
688
288
17
788
503
566
68
660
690
546
556
330
149
872
439
856
657
541
728
620
465
749
762
312
119
991
436
438
931
607
382
89
421
352
961
961
990
474
532
812
71
957
165
581
631
748
969
875
679
644
244
961
252
321
519
362
241
364
589
448
37
683
641
572
385
151
92
173
536
419
345
879
127
445
610
359
768
517
845
856
209
543
15
768
366
638
995
296
181
115
476
95
414
683
717
486
39
277
227
542
563
827
907
30
514
631
845
481
791
19
18
702
570
300
697
740
295
196
294
449
917
594
440
835
113
22
881
286
89
437
419
480
123
825
717
362
523
208
6
686
213
205
702
140
220
716
899
801
197
174
430
552
40
58
370
895
365
766
97
623
880
217
906
179
720
911
212
927
964
601
481
315
151
756
800
910
392
24
322
931
143
792
239
322
278
894
175
799
301
147
612
931
633
689
77
173
304
52
369
102
414
235
617
563
811
192
82
357
313
539
564
640
310
442
374
8
475
440
550
205
689
363
421
326
898
252
95
403
976
477
297
464
590
952
258
550
154
827
640
167
271
211
613
76
359
773
337
26
390
802
924
771
159
408
746
40
618
539
323
32
33
314
540
659
390
263
235
190
540
542
824
782
304
774
782
485
221
791
501
810
871
787
36
503
223
475
581
984
992
192
337
970
892
187
145
857
527
100
764
724
434
196
612
165
708
709
969
681
957
107
500
642
756
856
133
416
498
369
798
300
774
783
632
115
661
43
561
157
221
506
996
584
614
924
127
442
658
186
299
978
894
995
619
997
354
129
234
309
366
421
800
227
578
863
560
915
840
902
981
349
367
110
412
809
320
472
327
94
354
368
175
939
635
700
567
708
580
625
743
554
722
12
144
741
737
949
948
568
885
122
629
879
842
946
632
993
7
330
703
577
860
952
778
651
259
408
737
124
308
435
308
919
540
503
492
177
992
970
534
757
899
655
959
373
72
674
325
870
529
214
507
218
359
112
903
209
728
7
106
810
679
387
548
141
962
522
848
542
624
992
416
531
761
383
601
92
319
68
799
250
146
378
713
993
482
888
110
701
118
561
258
114
695
833
394
585
34
442
22
122
653
452
400
455
779
73
1
183
851
817
34
209
861
535
710
734
445
71
66
82
985
990
371
186
99
594
790
359
527
218
677
216
431
333
656
898
719
306
753
541
438
412
270
527
114
644
745
41
777
599
62
144
364
499
642
16
558
33
980
616
838
331
468
951
519
350
449
852
661
502
344
748
127
777
596
915
728
332
106
168
317
480
21
698
8
245
578
251
548
104
253
0
204
708
129
564
172
12
545
788
304
927
855
267
965
182
439
154
94
780
563
543
441
492
848
191
819
548
726
606
731
995
101
168
50
543
947
530
343
731
121
655
909
559
725
238
164
660
563
187
544
962
781
516
423
162
320
745
373
80
218
12
618
579
8
939
473
16
217
255
776
944
807
718
971
313
381
383
558
472
579
180
672
241
699
648
603
686
604
85
410
232
147
811
966
563
943
811
333
382
221
677
354
175
550
819
713
798
178
627
960
456
846
518
424
101
307
537
909
849
779
740
406
650
434
525
513
564
340
223
899
754
186
302
785
109
299
882
641
677
19
791
366
267
7
382
152
691
228
340
179
179
760
145
929
968
143
490
265
951
397
819
218
960
777
57
623
479
242
548
346
801
962
247
277
595
863
266
790
515
646
280
652
796
401
821
346
645
764
191
45
221
493
174
514
91
382
336
942
268
856
787
409
173
626
112
492
680
247
418
979
535
425
423
9
752
102
481
919
86
73
615
413
631
397
96
886
463
887
22
963
522
742
770
553
236
830
208
519
711
830
769
793
560
159
81
145
242
772
979
144
222
591
185
508
264
675
469
663
17
87
372
351
971
827
409
263
342
709
65
946
374
195
318
340
68
277
527
859
129
732
181
400
765
152
588
960
728
564
410
939
138
312
773
149
673
670
323
533
241
956
382
334
868
6
430
175
893
963
34
551
397
123
541
708
267
182
632
584
104
371
322
930
666
515
700
839
652
403
519
332
63
951
359
893
914
88
636
850
49
8
84
595
70
484
974
817
854
377
964
306
920
197
218
515
655
142
305
628
176
586
890
373
999
438
278
596
84
369
835
332
833
136
563
989
338
230
603
24
613
683
345
642
53
65
202
608
331
373
456
721
835
714
614
119
368
154
555
346
680
18
448
694
637
717
730
897
826
748
253
925
486
457
906
958
815
317
751
930
237
87
601
105
554
865
765
747
276
440
185
59
402
380
959
359
448
475
277
392
144
64
577
841
933
267
329
365
848
949
723
619
946
777
902
320
828
856
24
276
303
173
631
0
79
187
60
931
50
560
412
278
458
164
351
229
678
355
146
159
515
514
101
333
793
924
853
851
591
839
98
518
95
532
299
446
91
770
907
14
392
364
737
270
491
613
236
608
491
220
544
807
534
986
580
347
185
637
685
354
926
166
211
481
487
666
462
531
491
368
537
209
908
410
193
184
118
897
461
390
697
0
904
303
615
387
195
672
115
720
548
223
635
547
427
329
647
807
505
167
322
128
58
518
575
507
66
501
385
441
549
826
990
525
832
378
347
416
778
146
424
235
937
149
812
574
318
137
733
24
909
370
873
576
316
400
252
317
437
402
269
559
759
111
335
24
861
615
523
510
718
578
873
674
952
244
411
135
283
163
280
594
553
734
160
57
176
861
788
408
401
529
424
842
705
885
578
226
848
26
522
266
689
136
624
255
479
693
494
519
771
10
474
585
171
711
417
923
267
392
98
63
802
101
681
299
949
486
234
152
60
702
793
820
89
81
70
961
870
523
505
583
261
848
230
826
181
287
273
609
534
203
798
382
986
85
508
393
507
623
322
350
872
640
469
463
862
758
437
279
494
235
639
718
593
328
434
773
936
142
621
188
746
544
550
363
157
198
816
704
82
556
514
12
654
919
949
44
257
795
228
509
811
688
575
822
186
962
927
20
339
279
816
284
587
551
499
304
492
449
958
466
956
291
481
0
120
726
865
113
874
395
728
369
21
133
711
950
639
861
503
239
428
404
322
355
899
926
448
836
975
876
820
700
54
827
79
307
570
147
190
445
119
689
149
755
820
554
213
965
658
868
640
316
18
272
601
580
20
62
270
212
409
130
67
617
67
64
34
165
708
592
500
173
152
524
537
701
731
469
762
310
463
310
797
224
970
324
739
366
970
393
256
357
215
175
53
0
583
999
527
860
437
190
671
280
682
642
764
208
614
199
278
121
635
274
431
323
906
999
31
322
829
262
804
36
341
501
459
130
98
571
49
370
382
315
487
601
381
666
456
566
211
830
293
736
534
832
485
217
458
643
571
853
504
688
92
652
38
396
223
351
161
757
289
738
39
779
410
688
326
486
829
214
472
939
794
621
408
339
164
298
111
468
79
813
830
688
544
953
748
427
520
518
361
984
579
527
390
42
245
682
368
871
696
772
775
547
588
822
951
161
155
910
879
689
195
590
440
544
669
399
827
154
833
421
545
898
486
710
702
103
439
14
991
731
153
326
604
874
720
443
3
487
661
22
566
249
297
815
988
188
957
315
275
946
265
579
131
128
289
867
759
353
169
402
904
344
744
918
887
559
508
522
719
847
11
981
132
173
422
309
354
963
899
317
555
323
813
106
5
558
488
236
881
974
701
424
482
783
507
122
747
33
980
220
498
855
843
712
593
391
777
991
780
973
74
843
83
205
748
293
602
651
862
389
588
825
736
94
468
940
825
237
424
429
628
585
144
77
962
611
398
673
839
82
395
731
614
530
284
200
332
518
387
68
115
265
410
447
988
968
661
387
402
507
940
387
493
323
750
752
462
495
129
287
28
887
943
304
448
35
601
94
251
839
611
498
399
147
882
288
742
888
849
71
533
685
942
414
381
476
653
38
442
417
533
350
911
932
343
407
186
534
930
672
89
227
137
80
800
457
10
709
320
915
817
591
461
531
540
287
234
158
513
814
832
279
882
400
968
244
466
36
469
107
396
835
85
244
637
93
70
55
536
492
699
465
563
338
881
36
247
840
989
49
236
117
982
918
317
760
841
475
110
828
883
368
571
514
309
765
463
966
718
579
541
124
283
221
31
963
792
640
388
585
432
675
219
102
158
462
152
807
611
835
225
262
216
228
941
803
535
950
281
789
763
826
529
981
378
750
709
603
462
401
453
967
550
83
616
535
137
409
210
86
420
745
909
379
43
522
969
242
781
950
170
20
660
730
948
576
630
387
808
380
448
976
775
465
828
66
198
727
471
556
657
216
766
809
229
58
251
284
571
946
965
570
299
222
48
443
374
268
913
138
632
990
18
311
97
582
36
583
741
6
891
511
503
738
677
208
204
321
471
455
611
533
906
217
839
976
473
131
452
924
369
599
706
671
995
785
62
736
77
763
779
712
918
836
0
870
170
834
606
12
705
180
691
222
579
388
472
538
884
342
212
417
355
557
944
775
902
524
918
345
850
250
222
811
617
951
942
817
41
193
24
168
852
409
682
668
809
367
604
812
868
259
53
569
632
325
637
145
433
826
140
152
496
617
103
672
310
43
223
412
924
239
404
822
125
2
295
696
444
253
756
228
612
464
456
82
261
880
761
899
44
360
281
847
296
117
726
711
38
259
356
283
735
879
157
67
501
622
338
18
647
673
542
939
673
281
652
561
281
34
695
857
321
56
849
742
819
736
319
592
724
398
287
413
979
981
363
750
570
302
337
535
436
434
649
44
153
952
818
349
207
227
339
883
431
488
126
507
943
192
592
310
817
92
710
485
292
719
486
68
770
378
738
769
867
296
557
834
185
392
446
905
606
444
377
651
525
626
579
254
993
813
157
432
689
953
924
68
12
690
155
468
740
670
497
386
344
609
633
529
281
100
787
193
521
806
664
81
255
826
896
545
810
424
769
719
563
488
935
105
936
554
829
307
856
516
317
369
305
68
334
577
251
875
233
328
81
182
51
789
426
939
179
717
747
1
221
560
238
939
676
245
532
453
570
961
909
430
268
298
102
366
823
943
674
378
77
904
196
269
41
549
477
851
942
329
26
72
37
887
189
340
687
671
443
584
384
282
272
316
556
117
730
283
759
798
280
151
369
186
785
760
663
424
340
346
970
903
816
743
935
772
787
263
750
292
392
975
271
954
107
472
666
96
902
680
62
696
16
424
403
940
128
356
305
249
658
285
232
970
280
272
679
93
742
904
730
754
899
3
375
684
874
935
432
891
600
83
880
631
514
265
918
60
780
837
181
951
965
577
525
434
922
558
620
707
928
403
961
948
544
589
21
737
85
999
150
531
827
432
646
891
497
760
812
939
675
789
840
212
7
248
365
689
310
145
535
448
915
243
728
882
275
96
662
235
628
243
70
970
643
567
123
301
747
532
906
944
519
288
266
727
847
529
989
960
676
44
631
543
423
238
201
50
905
825
465
464
266
249
50
700
845
725
195
101
127
952
785
465
343
664
55
593
926
380
7
673
839
836
22
263
946
538
495
217
50
229
858
227
917
349
393
439
991
201
575
20
869
451
57
683
451
953
73
661
458
943
545
745
437
894
163
415
197
68
116
318
496
520
397
588
166
848
372
770
415
433
49
468
545
815
932
700
460
633
219
409
514
758
119
967
330
709
931
105
487
856
474
37
551
621
229
193
292
381
244
303
782
645
224
490
945
503
701
370
741
353
423
678
366
750
903
691
454
688
309
155
179
348
367
794
647
956
494
641
642
616
616
702
710
197
270
270
788
259
853
443
381
524
119
615
385
993
365
680
651
657
669
735
712
944
381
831
230
517
55
4
815
355
691
274
449
799
352
139
726
852
381
670
951
977
176
268
272
179
373
350
452
573
691
293
404
126
816
461
455
248
289
560
434
120
933
373
490
494
628
671
826
40
624
955
984
156
904
159
427
516
724
513
893
342
899
604
534
236
762
235
864
676
87
88
291
471
753
9
940
669
569
875
7
946
656
635
906
463
9
651
126
563
384
391
534
955
269
458
791
238
155
940
741
263
539
763
428
934
316
561
599
490
369
405
605
844
978
951
172
720
9
885
983
495
835
158
338
695
388
594
929
255
374
567
284
365
297
351
732
63
968
220
584
217
88
863
793
390
0
946
392
426
496
668
362
438
154
420
413
515
963
823
867
807
607
801
481
862
588
658
535
419
612
945
48
18
60
513
562
721
334
122
582
728
814
773
295
305
212
817
861
724
875
190
202
941
478
242
563
800
92
717
39
179
846
753
526
55
750
890
976
366
678
490
889
30
702
91
1
225
483
784
756
530
648
575
762
588
242
833
882
467
219
940
602
553
394
304
136
906
223
674
556
480
286
323
42
831
845
888
874
91
426
161
372
734
298
557
877
104
965
37
663
668
531
651
764
630
661
875
200
524
996
461
884
906
656
553
238
393
238
852
81
716
60
727
538
972
214
281
42
820
529
966
469
146
895
766
731
326
763
257
969
877
706
28
86
435
676
438
12
872
399
338
186
81
907
751
762
443
244
953
219
538
546
786
220
836
323
785
88
376
335
776
964
511
929
312
646
518
72
75
939
291
49
370
834
522
628
598
990
17
384
493
973
132
218
345
391
437
785
999
125
645
89
310
341
966
791
234
127
532
797
424
261
953
459
111
995
211
815
783
131
121
889
897
381
302
471
939
744
437
80
169
875
690
480
120
365
733
306
77
502
277
463
647
85
942
101
30
355
749
324
28
153
8
830
730
770
412
306
252
915
179
999
604
626
160
881
439
801
823
266
967
980
701
168
40
939
392
947
157
84
270
672
210
242
924
157
490
905
833
171
513
739
227
319
966
374
735
270
505
321
317
657
384
436
997
90
465
685
412
44
165
61
952
545
507
234
21
514
652
274
390
986
314
330
779
720
40
288
117
588
472
760
284
908
795
484
636
151
685
720
71
198
816
682
510
886
336
528
118
558
493
73
782
917
936
522
392
91
261
745
208
211
49
511
4
529
231
967
502
871
813
371
45
550
579
175
614
419
309
166
777
312
691
163
900
222
490
940
34
481
514
17
755
516
285
466
61
833
495
160
133
274
164
377
684
771
355
746
307
298
10
402
637
148
599
577
752
551
170
965
987
898
653
441
124
658
342
464
658
404
612
944
157
37
713
578
555
608
976
932
564
973
877
468
516
916
950
179
393
960
408
252
825
31
695
31
24
506
716
63
278
744
938
253
466
552
401
95
512
8
614
97
866
842
904
170
376
504
508
773
325
567
108
781
987
61
820
684
424
177
763
54
604
210
335
297
126
221
957
601
934
625
78
789
572
798
851
355
577
534
617
757
340
416
878
5
794
630
717
196
602
990
943
43
662
348
987
927
244
906
403
550
681
368
878
400
802
954
713
401
241
101
15
78
404
907
847
61
276
751
988
1
227
923
921
16
239
48
974
199
473
695
360
669
85
510
761
730
986
711
118
728
424
235
970
799
276
878
168
749
981
791
109
64
136
296
723
535
657
896
993