472
894
840
187
54
114
818
447
870
269
607
945
537
325
50
544
903
193
546
228
767
553
16
583
319
113
436
789
444
692
948
470
904
443
480
563
526
279
131
596
15
708
957
962
256
621
449
82
896
555
454
622
981
342
620
469
933
142
943
348
576
187
932
346
808
390
919
630
590
96
592
68
555
753
703
755
330
694
42
352
310
582
188
177
207
533
860
118
422
415
337
429
4
412
125
856
525
437
664
431
222
197
206
362
328
552
254
282
48
268
147
470
659
805
182
641
762
194
465
828
431
680
433
492
127
800
193
160
891
443
468
154
131
515
774
886
662
369
420
984
426
591
926
0
458
275
639
126
234
143
657
659
193
854
18
781
396
79
368
295
801
913
385
226
258
671
173
296
523
494
918
55
400
701
88
486
623
4
559
611
457
123
87
949
496
439
887
450
197
292
348
112
456
567
653
89
957
806
546
386
939
385
118
603
641
169
696
249
31
109
582
595
983
383
957
881
317
128
471
480
827
734
256
810
950
239
272
471
990
853
345
809
671
191
369
652
659
267
548
681
427
501
441
263
960
77
343
615
307
382
376
473
399
222
342
874
570
292
760
914
309
831
977
754
839
160
946
350
618
705
957
385
887
81
64
599
220
27
560
110
637
450
986
587
166
429
551
463
198
835
825
822
460
903
618
845
334
877
630
411
923
684
185
350
907
959
526
826
762
966
402
206
228
830
179
934
484
165
957
635
266
776
692
865
962
366
640
997
135
879
155
440
136
402
387
51
491
607
684
88
737
447
839
565
503
374
406
890
97
629
649
771
995
836
308
893
142
300
842
761
475
337
564
542
541
842
549
712
283
20
954
68
748
608
684
381
334
857
171
551
967
846
754
761
888
829
595
675
735
97
133
639
517
787
61
664
594
665
277
373
570
341
163
17
421
765
244
461
806
805
130
910
158
464
312
589
423
765
40
692
965
375
760
714
323
26
305
679
499
742
257
989
91
176
718
901
525
333
984
46
617
774
996
135
101
234
622
104
83
172
242
604
964
266
530
477
654
241
890
438
973
350
66
760
894
587
969
604
808
525
920
863
898
793
510
995
404
782
961
97
568
619
306
727
10
598
365
904
232
478
684
998
188
826
181
595
433
665
516
864
380
874
421
552
975
123
627
604
72
556
481
34
557
790
426
605
254
877
438
379
970
762
623
169
82
223
547
688
888
631
839
740
195
478
95
958
914
725
959
32
69
731
464
50
544
398
222
292
208
694
803
761
41
775
970
959
272
885
196
774
308
601
536
626
64
865
207
855
577
441
191
724
934
182
456
489
492
557
474
728
805
275
911
872
845
131
373
663
655
730
271
915
356
758
177
140
326
451
104
250
152
675
412
923
860
470
544
271
158
276
673
334
609
429
193
203
695
765
690
764
920
992
79
764
283
832
685
261
384
634
213
833
68
116
698
292
139
128
939
299
60
609
369
683
985
368
427
733
84
454
162
573
694
564
947
614
802
919
934
130
437
185
196
813
70
768
895
879
177
749
411
702
169
9
218
271
756
30
233
902
418
936
451
634
864
542
793
12
817
338
804
384
75
258
382
567
546
333
191
685
676
707
772
701
990
552
62
555
356
53
117
270
494
946
844
384
368
0
610
203
374
665
475
767
905
621
843
24
101
435
847
902
636
98
456
471
392
188
535
167
147
83
996
505
277
201
761
759
326
521
894
931
615
692
396
278
580
201
483
295
421
89
320
617
704
395
382
46
690
918
120
663
661
518
14
911
129
143
380
106
698
816
980
561
597
195
71
187
475
738
727
177
507
153
160
372
508
33
197
12
785
62
399
332
810
456
682
865
703
78
12
21
613
997
379
555
97
162
527
131
963
920
83
989
327
364
729
343
839
677
220
987
854
240
860
906
12
567
73
835
977
774
468
310
139
911
193
344
394
276
676
620
314
841
792
403
932
937
37
557
373
224
479
915
597
702
656
680
134
464
40
985
707
410
13
294
576
968
264
107
497
22
88
990
100
800
9
437
867
167
57
811
199
318
443
631
151
765
568
247
984
331
925
771
331
789
315
555
967
234
969
1000
746
825
221
830
51
873
744
473
190
388
536
271
779
576
477
669
675
343
350
445
642
342
452
625
172
984
734
691
915
406
849
886
16
523
192
78
648
997
662
1
437
141
122
744
442
988
916
734
640
495
646
844
887
199
959
423
291
472
449
181
758
224
404
345
207
776
557
80
797
241
950
875
920
991
892
570
312
789
212
937
60
447
161
611
748
903
934
704
343
323
229
272
821
699
358
691
78
286
551
507
491
139
831
457
617
70
58
87
621
911
264
187
881
232
632
855
12
473
315
40
584
238
688
85
633
50
198
961
867
730
691
73
58
235
33
734
114
599
351
842
652
205
633
997
361
704
605
672
801
445
441
138
366
485
457
876
453
31
498
667
54
792
209
511
704
488
697
155
334
426
15
857
193
802
131
604
186
453
538
81
404
831
491
78
230
773
149
21
586
767
395
180
995
705
323
68
600
662
232
625
386
905
732
705
788
290
218
72
35
198
434
630
614
995
87
872
604
320
928
676
660
419
981
541
914
774
622
3
158
173
21
49
109
888
759
548
517
691
565
467
456
764
426
332
709
462
272
509
657
39
966
700
520
829
280
679
415
826
107
448
146
991
374
565
43
6
76
631
954
884
943
745
658
5
661
910
861
201
262
930
151
109
821
595
902
444
430
153
873
643
201
15
748
900
840
57
113
670
341
49
510
314
612
157
13
199
344
230
57
729
971
446
670
495
146
911
268
351
622
71
810
167
318
260
161
865
965
291
635
338
458
391
825
674
23
921
17
775
181
925
681
802
818
285
394
36
992
536
662
21
744
694
688
479
76
618
789
22
38
245
303
70
435
304
254
768
348
362
486
547
457
571
753
407
980
214
173
191
406
310
865
602
318
478
0
52
451
538
989
175
530
747
657
80
166
309
914
448
165
513
227
718
405
987
318
202
734
51
418
421
875
153
947
278
21
722
899
534
607
100
171
168
504
290
966
279
535
767
548
110
215
795
171
944
20
786
395
986
9
584
953
417
587
489
352
607
464
101
831
632
3
497
215
514
30
294
100
514
284
148
394
229
54
455
807
342
664
873
133
59
129
699
177
52
172
524
513
53
772
897
978
492
597
24
828
31
673
822
93
247
142
241
303
465
858
341
896
766
157
367
134
415
853
190
1
318
893
343
737
618
902
329
712
383
789
251
632
147
666
933
92
452
384
427
846
791
917
965
673
274
318
209
734
463
871
771
445
736
926
518
500
469
213
138
671
614
5
69
34
454
127
931
403
446
476
787
624
842
515
834
517
987
582
640
937
732
538
224
787
642
35
958
973
899
468
113
927
982
115
4
903
494
114
138
868
256
335
514
604
495
98
521
15
857
725
498
726
966
785
605
548
488
131
809
16
550
37
203
688
306
219
248
480
452
267
593
242
953
8
904
978
195
732
59
112
345
131
71
557
125
29
397
143
405
696
29
764
752
292
435
203
403
862
404
299
221
531
302
220
332
232
61
375
815
305
290
424
151
268
155
112
145
449
970
166
880
929
448
813
317
845
20
994
600
977
414
549
345
557
78
688
488
65
692
271
461
71
719
691
380
199
833
178
201
160
824
675
729
202
344
172
195
579
103
766
734
871
678
968
445
350
583
464
959
33
837
233
512
391
932
797
550
189
86
341
340
629
111
650
554
63
959
198
953
758
851
13
343
156
7
201
408
638
865
988
988
849
7
315
12
992
406
663
231
6
88
834
432
743
821
293
174
46
597
125
306
186
603
851
873
198
688
901
749
437
376
50
270
479
957
63
882
791
774
47
760
345
428
121
117
625
378
763
453
505
496
349
580
187
498
922
914
344
237
173
374
743
67
99
235
170
918
241
346
594
988
2
586
137
824
437
655
718
979
743
623
832
387
754
606
476
902
845
249
802
277
411
71
245
705
198
963
755
477
48
393
275
831
378
734
796
683
813
295
692
32
926
89
557
849
468
591
137
346
897
487
423
982
487
557
212
114
819
704
942
600
291
312
170
880
656
22
916
975
96
606
926
791
610
162
137
481
983
800
923
257
431
246
522
819
562
222
520
434
402
80
782
980
510
884
120
78
106
262
582
104
296
824
337
206
532
494
527
213
782
773
520
37
82
980
388
967
412
233
659
406
628
556
558
296
913
83
552
526
37
116
666
50
305
610
582
742
644
732
770
819
718
907
496
437
327
898
226
199
983
938
9
608
504
383
720
937
804
743
750
385
488
586
609
567
505
895
130
265
473
617
860
597
987
474
391
455
214
853
534
725
185
111
715
218
738
946
522
722
138
48
459
388
642
912
149
781
385
449
978
243
632
823
828
68
435
680
817
502
802
50
411
388
470
132
303
175
586
176
419
319
3
824
356
330
204
905
452
12
146
274
163
303
38
45
920
146
0
682
431
219
102
382
159
247
779
642
841
41
262
115
226
890
427
230
542
547
45
264
310
459
972
887
685
562
992
308
548
809
861
426
421
20
732
964
112
67
783
644
454
847
981
182
528
576
328
794
940
391
193
164
475
649
881
598
821
631
134
439
892
503
986
804
15
967
41
613
250
43
947
338
169
667
232
852
903
2
985
390
82
558
239
971
54
938
299
320
165
45
591
440
392
840
57
611
251
541
528
771
221
672
729
949
861
441
384
690
980
655
9
230
244
800
846
563
714
530
289
255
616
80
156
342
266
61
996
334
777
27
920
286
237
908
521
653
966
620
421
548
864
60
784
203
997
176
181
662
500
814
747
165
518
419
444
154
95
782
569
826
615
546
506
990
370
569
581
628
934
629
506
843
50
198
543
719
398
514
988
749
220
410
121
856
343
303
68
998
646
225
42
759
483
576
793
157
249
513
258
124
733
876
258
290
452
29
974
362
614
693
57
690
853
391
633
243
303
650
109
924
599
692
338
359
108
40
370
557
522
328
570
867
886
224
118
64
58
276
381
187
676
182
316
939
934
811
330
484
446
941
505
697
577
439
652
43
999
26
89
737
750
861
903
482
168
764
287
775
477
47
693
755
744
72
941
764
122
387
430
778
927
318
750
207
481
481
553
990
133
292
857
841
707
863
513
664
516
357
891
125
433
575
583
791
249
161
66
550
510
204
277
739
745
435
558
861
87
681
482
231
992
648
961
162
3
632
680
431
241
960
73
619
215
956
981
60
409
278
327
122
219
759
706
139
277
207
434
146
29
662
927
958
945
173
82
449
825
637
333
931
569
223
402
242
67
932
494
496
684
429
45
222
541
0
921
371
405
858
516
60
800
976
425
561
827
66
818
898
347
951
545
287
486
346
479
18
180
168
376
45
54
553
736
338
910
200
943
888
893
233
604
123
822
21
107
101
102
661
933
546
279
175
323
913
31
552
785
896
887
54
115
679
868
124
96
113
900
110
583
706
644
964
163
716
386
406
884
839
658
235
63
808
189
515
174
437
959
799
782
166
276
178
235
937
543
824
145
873
728
591
716
865
987
764
692
716
521
149
750
293
211
0
999
401
912
66
930
993
542
759
59
107
929
753
478
26
789
912
910
854
632
624
340
874
666
487
300
273
203
239
346
902
705
931
209
972
599
710
209
420
236
373
100
442
336
351
772
922
185
427
310
195
840
122
937
358
972
162
957
164
695
310
181
150
135
565
960
309
677
641
888
996
209
480
82
45
202
136
451
83
420
285
202
783
208
981
62
549
768
855
343
584
701
296
99
649
2
602
802
962
794
255
207
350
427
341
25
605
341
951
924
117
925
941
860
572
421
85
166
255
692
964
511
37
2
982
735
930
733
470
665
343
996
152
924
348
997
332
193
890
486
66
56
516
157
679
504
510
91
936
691
319
648
353
179
908
102
628
326
631
294
834
999
779
718
880
407
775
28
74
460
699
619
660
663
910
741
600
751
443
728
593
837
232
903
767
880
898
910
552
156
526
4
780
584
343
292
718
773
406
167
535
646
539
847
301
165
565
308
840
326
255
460
189
652
323
707
804
437
969
230
790
598
997
787
879
383
411
375
166
573
597
667
348
110
888
755
731
687
217
228
489
35
154
600
613
379
224
910
66
8
796
426
19
575
79
166
197
865
990
3
99
550
958
900
766
439
331
160
417
54
25
782
334
978
363
879
499
84
30
181
241
493
184
638
386
388
964
453
729
644
482
620
563
976
923
240
260
837
205
559
587
513
513
185
921
909
740
821
652
216
20
595
387
565
645
830
505
319
538
479
226
796
137
336
56
292
861
584
24
603
297
864
202
327
974
855
339
484
979
171
659
154
722
534
591
635
65
498
146
858
105
195
593
93
171
873
742
332
78
253
45
674
331
822
603
719
771
366
946
848
358
604
786
976
598
930
866
52
137
57
621
556
266
763
290
240
594
166
963
21
499
926
579
57
650
779
14
339
288
47
196
210
173
505
52
149
322
894
287
1000
635
724
538
417
93
416
680
322
640
748
630
1000
570
981
201
765
326
679
777
744
254
825
39
11
101
637
325
326
225
298
162
519
100
70
305
887
140
620
542
14
338
329
489
292
888
25
442
429
511
71
598
44
920
415
396
358
549
295
307
906
908
812
651
748
54
287
969
310
141
378
787
213
128
731
350
655
724
85
589
954
260
882
460
614
856
877
967
267
39
541
878
207
873
838
117
52
376
258
5
410
238
139
898
917
467
809
655
526
239
471
178
254
882
635
216
851
623
434
707
86
374
273
349
617
164
804
767
666
161
787
41
339
901
647
803
415
472
337
345
385
467
310
384
199
904
896
575
955
845
114
108
466
933
730
302
672
272
985
27
866
803
300
370
887
846
524
124
547
421
270
755
806
772
288
974
858
873
281
924
739
306
208
587
894
439
442
15
216
880
948
803
565
261
667
518
122
51
889
131
489
721
274
874
277
363
568
426
552
678
272
44
796
501
875
158
679
432
944
267
741
633
487
583
35
746
76
185
563
41
843
940
546
354
593
681
502
531
613
466
723
281
585
599
328
237
298
943
275
585
681
41
271
722
794
107
210
559
439
351
521
368
679
491
898
48
516
829
616
579
994
43
475
418
559
61
8
73
272
430
485
598
386
111
180
572
658
732
359
845
664
850
894
596
601
140
124
434
540
95
307
189
847
115
570
350
525
734
6
177
656
47
164
115
473
487
912
587
452
547
612
370
916
450
619
196
245
641
595
898
704
285
934
312
164
454
695
761
315
530
611
435
686
241
712
389
298
59
403
571
259
629
183
129
473
816
604
447
97
874
626
685
459
805
329
84
471
242
945
855
203
818
950
331
933
618
145
61
690
949
782
931
248
93
961
723
230
756
522
303
385
941
962
989
365
390
620
594
27
857
884
664
291
807
504
124
113
800
311
12
274
290
74
223
297
264
302
836
134
941
813
199
847
77
353
642
995
696
442
939
236
706
146
428
896
556
340
73
300
410
5
924
172
218
129
761
639
330
738
138
493
454
718
865
230
379
148
416
690
688
332
630
895
642
441
645
507
293
450
838
302
709
303
336
919
558
542
154
975
144
664
656
625
49
415
53
457
188
384
453
221
735
216
596
620
689
266
127
396
911
166
945
688
189
548
877
370
459
564
691
287
566
786
906
541
549
87
697
680
466
526
650
448
138
634
481
236
918
833
1000
959
668
930
562
882
523
418
990
158
982
880
64
900
732
315
857
400
734
429
900
892
838
615
253
106
598
827
951
81
59
589
998
825
887
705
753
424
823
578
772
636
499
334
605
111
502
529
84
78
559
413
393
504
395
434
205
634
394
534
653
760
874
489
644
918
393
21
705
356
300
393
307
982
633
953
842
572
956
591
779
994
525
269
3
652
33
508
624
568
669
267
432
533
580
983
317
917
360
662
588
650
921
970
232
905
586
134
401
27
855
845
71
56
967
372
427
284
670
575
272
579
342
693
63
435
86
593
251
922
523
69
73
822
54
816
217
177
242
464
574
577
876
930
619
22
125
691
668
175
501
147
817
982
113
703
953
774
955
604
386
951
850
451
284
516
12
683
789
472
545
393
363
843
251
366
830
568
517
692
404
137
85
735
388
484
685
883
961
882
305
236
362
651
2
100
451
57
723
506
34
300
292
332
719
671
710
64
700
802
940
906
36
789
862
299
302
330
425
198
67
444
911
755
452
230
735
948
795
981
33
599
438
461
835
582
499
63
214
532
378
728
726
836
411
402
754
430
373
844
542
73
764
750
633
286
325
549
741
998
157
45
753
408
338
948
674
557
48
367
777
438
426
158
115
832
439
949
81
291
424
769
960
6
533
739
185
49
917
36
361
965
675
601
837
440
671
978
637
618
100
842
843
944
902
183
982
471
109
734
192
0
296
752
244
420
587
81
285
903
138
671
11
438
893
284
424
619
522
527
92
34
957
262
39
871
781
790
440
538
802
72
721
551
265
253
46
264
548
678
135
91
934
806
124
881
229
23
427
908
933
474
103
994
722
740
495
643
655
357
604
536
379
47
660
897
959
580
135
790
117
516
580
46
812
661
945
782
296
913
790
439
231
449
461
416
458
217
348
540
753
77
77
197
267
83
308
426
584
146
765
732
104
31
849
416
41
294
288
849
381
220
625
75
308
966
395
602
670
90
784
324
993
125
172
662
618
912
183
43
284
794
996
336
708
745
691
769
700
8
457
989
303
678
354
427
586
321
419
110
853
530
943
286
861
611
266
51
872
880
742
815
470
922
601
487
316
286
191
874
334
196
398
578
542
32
308
477
753
318
646
870
103
748
588
668
837
741
279
138
962
143
700
828
451
832
112
670
259
502
510
183
614
630
94
131
705
640
893
249
227
735
121
679
212
729
750
219
731
804
725
638
483
915
901
377
30
931
476
38
192
984
118
245
61
479
535
701
555
577
561
418
725
522
371
911
705
262
759
559
223
58
718
915
531
763
224
842
106
896
850
499
943
658
167
408
410
475
347
186
552
367
153
173
209
345
13
129
720
438
126
541
638
980
785
376
2
376
429
996
142
651
353
254
198
639
329
471
598
421
224
787
667
96
644
849
819
230
496
576
806
822
935
243
183
53
525
266
569
241
850
704
902
867
511
637
403
79
331
772
333
952
823
420
747
667
482
125
636
109
563
865
269
846
732
367
8
100
398
676
76
835
94
676
920
618
78
51
411
770
356
404
825
904
40
461
794
390
759
749
852
277
242
100
386
30
6
309
309
538
96
870
649
627
10
15
271
182
803
86
592
953
995
234
769
112
839
27
212
239
807
558
92
792
353
709
289
379
473
675
140
504
722
694
272
449
539
291
550
692
15
212
862
533
716
854
600
197
805
179
840
552
278
627
410
473
127
241
421
607
699
833
452
300
855
87
948
111
746
534
121
967
968
699
596
646
756
508
984
512
403
296
591
265
49
741
261
561
164
270
239
457
818
214
994
471
479
836
578
410
112
250
222
136
271
737
155
847
281
381
682
119
69
446
521
567
732
445
173
910
614
636
875
230
754
705
628
362
399
57
526
167
17
525
206
340
361
165
497
955
456
927
225
465
185
17
4
193
660
19
874
376
685
905
770
421
298
303
770
628
14
619
256
97
91
783
314
411
437
123
502
347
753
914
886
238
379
709
409
354
654
778
669
306
177
209
310
359
246
44
390
342
238
482
654
430
511
852
320
996
129
141
263
260
264
332
411
289
52
373
426
867
651
434
621
715
286
339
668
71
406
625
587
519
293
373
839
806
433
469
245
728
468
57
53
447
934
163
881
128
37
410
15
595
544
969
442
113
40
711
347
141
976
958
734
108
15
559
743
961
972
408
851
484
508
686
344
951
908
211
371
949
832
564
245
5
613
524
526
348
396
478
937
324
80
398
10
339
466
214
549
727
776
871
675
808
402
939
360
605
964
93
716
947
787
719
122
375
229
907
180
212
643
483
486
318
173
486
891
486
878
241
908
740
37
130
12
361
63
657
293
445
123
218
744
507
902
64
890
201
745
533
364
611
89
230
8
51
704
743
242
233
924
148
134
157
865
373
640
157
943
790
463
898
197
135
75
648
157
27
34
977
114
174
74
47
150
4
394
422
626
657
564
243
222
751
589
589
80
848
341
876
450
274
915
7
378
478
909
885
859
8
810
492
301
268
359
838
30
788
791
584
639
617
850
858
414
218
913
907
397
489
973
267
914
224
485
420
294
876
89
128
934
614
412
373
374
700
366
923
136
843
482
711
327
557
847
191
836
775
916
629
197
961
864
57
891
182
188
869
551
53
396
895
871
329
197
294
271
845
872
810
933
813
645
524
845
745
410
787
559
690
527
60
948
349
132
692
158
3
273
60
937
750
654
312
728
610
436
153
779
159
750
192
274
905
513
1000
447
664
942
804
404
466
789
296
738
663
502
211
648
309
231
275
613
903
753
470
722
693
158
425
976
791
690
714
276
186
119
768
224
735
925
301
698
403
447
833
886
716
546
924
5
279
927
488
864
762
564
450
885
786
450
627
733
84
254
206
825
623
393
68
795
937
283
693
550
637
350
587
904
135
121
739
484
367
567
340
970
871
98
135
180
93
630
848
505
606
61
360
410
418
691
210
918
409
696
607
911
393
950
200
896
682
171
871
388
46
423
499
251
228
348
356
168
410
794
491
273
421
898
108
301
771
952
98
661
8
890
755
355
191
619
337
787
425
713
9
927
501
779
501
834
894
852
726
456
663
645
786
810
285
311
600
211
687
798
889
813
921
581
142
88
321
323
330
714
49
804
345
871
22
363
337
145
541
485
581
647
254
780
640
663
215
175
841
671
308
660
728
522
802
537
365
491
543
848
256
954
408
498
549
511
121
152
94
208
812
936
788
135
388
719
482
938
20
355
345
864
568
170
357
368
921
666
536
872
799
372
621
36
350
369
58
725
359
731
277
435
565
52
243
741
834
872
38
721
911
209
732
723
56
640
372
423
584
159
595
297
530
518
281
958
942
367
778
749
412
925
537
444
652
835
31
807
154
490
924
790
702
390
83
742
249
745
935
60
654
280
37
497
967
952
853
447
143
412
148
918
782
441
124
251
222
593
794
176
437
302
420
232
137
143
797
643
985
720
517
281
863
812
671
34
509
485
754
722
296
708
179
364
457
966
570
177
799
92
935
202
83
197
490
799
762
237
739
194
710
689
48
358
907
616
282
540
840
331
156
179
870
595
948
509
509
751
340
11
467
589
100
434
443
376
685
9
334
5
0
261
796
471
564
178
398
835
502
490
582
147
885
262
79
833
219
944
856
640
988
819
189
822
451
318
81
647
897
839
979
438
494
98
165
744
997
674
114
784
276
592
545
90
398
33
559
687
228
104
238
655
840
107
740
931
270
980
289
36
510
195
307
600
578
290
591
269
18
878
566
793
106
561
960
615
107
218
814
58
140
906
710
546
281
180
361
983
667
76
223
377
395
780
36
716
227
17
371
195
143
43
78
733
45
95
59
269
325
409
491
632
462
840
666
993
59
17
363
53
940
389
699
951
131
920
68
226
787
125
701
893
686
263
4
563
460
749
327
615
64
49
258
1
71
411
41
541
117
383
22
961
909
37
623
527
199
164
275
256
937
802
2
729
469
780
400
620
93
330
432
836
455
699
321
793
825
323
773
193
354
533
270
648
90
367
589
970
771
177
964
33
635
257
980
340
396
970
554
700
543
660
122
995
512
889
603
586
32
837
697
211
381
83
771
305
855
762
566
253
814
308
409
600
594
264
106
484
577
413
963
920
37
668
210
307
246
55
315
719
105
433
444
353
337
440
759
273
607
375
694
991
741
117
985
636
447
708
439
358
637
442
98
844
947
943
616
330
256
453
708
129
537
764
216
949
787
250
309
774
620
594
794
85
206
713
560
482
82
227
476
327
682
263
259
727
498
377
227
866
492
33
662
797
727
60
575
720
897
685
267
351
256
444
848
671
442
814
186
888
273
361
631
336
289
319
798
826
381
947
820
702
839
584
456
609
933
840
944
935
214
612
247
819
718
605
422
957
220
451
985
851
550
170
836
23
773
820
847
972
661
886
303
794
244
152
460
475
950
727
289
104
5
391
865
364
660
982
920
22
10
594
394
616
648
681
257
794
943
15
444
94
887
340
207
460
257
833
460
588
551
332
301
690
926
60
383
838
756
301
330
574
543
194
309
467
462
88
282
48
657
648
244
183
441
148
661
797
875
569
252
858
668
851
23
259
888
753
351
355
773
689
399
368
497
507
266
83
456
625
743
191
453
937
757
639
961
940
641
881
338
175
958
320
296
641
287
254
383
378
394
613
885
437
686
234
342
914
357
554
848
433
862
637
198
513
982
988
455
465
947
368
980
335
894
899
518
749
760
527
968
600
11
297
607
130
462
549
634
858
237
825
852
437
914
346
345
18
102
548
959
714
90
37
491
544
902
472
353
189
593
234
780
34
360
696
383
260
299
321
883
528
185
712
863
130
751
648
598
877
818
68
947
460
716
973
969
399
199
281
548
891
882
746
925
313
537
111
377
588
595
449
979
337
296
243
574
565
499
936
235
86
852
13
285
704
925
15
229
208
108
603
315
715
629
948
304
720
303
717
590
59
610
170
977
656
743
530
253
615
779
285
273
593
739
420
902
977
715
829
95
411
866
237
951
383
323
441
269
767
734
475
330
514
635
494
381
24
149
537
731
115
492
95
720
6
413
333
511
500
274
346
520
925
748
412
462
206
429
68
364
933
634
769
856
595
85
716
942
111
307
232
86
81
146
747
670
572
451
584
478
712
748
41
569
191
974
10
527
855
969
514
789
417
303
397
298
246
208
498
301
966
504
325
555
332
925
769
339
130
551
644
428
883
53
576
559
113
492
271
918
525
989
154
458
565
198
22
258
828
851
775
831
75
745
184
686
366
626
696
339
466
666
431
504
44
627
792
195
461
806
524
721
625
898
233
862
746
100
690
454
566
343
590
998
848
589
828
727
722
55
314
391
392
915
654
671
471
888
275
952
403
571
870
704
972
234
572
194
829
553
616
958
722
739
898
588
209
417
845
195
228
437
896
268
390
310
894
261
710
898
100
532
639
652
4
816
621
246
317
509
760
471
152
894
631
647
46
574
607
623
329
761
769
227
324
747
914
190
584
83
231
515
878
58
718
631
609
73
350
398
982
300
929
286
865
883
910
930
611
597
458
689
124
14
86
57
955
694
53
114
347
810
292
973
701
401
227
745
518
159
858
740
748
964
53
588
397
553
575
137
547
459
743
802
34
576
732
673
640
245
766
864
861
37
57
915
687
803
386
87
333
386
468
670
566
934
808
524
726
789
386
197
18
948
925
803
731
604
647
704
913
657
32
953
344
149
144
297
168
560
95
363
433
307
583
153
594
353
8
175
346
491
856
611
519
904
871
836
344
605
665
838
603
10
183
691
852
700
235
966
653
787
99
805
835
710
3
253
896
962
202
102
82
199
221
109
733
490
521
373
832
939
397
59
204
707
449
216
397
399
361
793
946
848
507
351
808
505
775
625
891
711
566
621
661
609
488
988
762
513
907
95
643
520
558
27
801
43
410
738
640
934
531
106
743
515
556
732
28
959
785
1
989
624
321
472
76
282
196
857
118
175
240
218
562
313
915
53
572
377
516
548
861
983
912
980
925
857
783
794
817
777
463
758
584
977
777
576
590
22
709
362
182
252
830
887
797
254
662
450
94
778
752
507
890
879
851
80
655
11
56
476
850
445
669
868
126
716
439
783
222
497
696
707
451
581
538
966
555
290
361
747
96
79
940
379
817
187
103
937
434
884
245
202
648
24
214
17
845
705
683
132
14
12
157
945
102
124
598
915
902
353
482
905
481
15
810
455
226
156
649
918
878
215
928
689
280
876
638
277
675
53
668
999
756
979
954
78
68
838
544
901
551
327
688
461
151
1
107
380
208
381
645
586
183
400
645
697
910
648
276
479
290
463
161
809
7
130
284
295
224
525
85
770
246
768
462
897
392
808
672
418
584
268
702
402
682
587
266
750
409
364
279
491
755
57
429
673
747
387
200
823
522
846
888
872
315
903
639
623
660
548
937
973
383
925
410
317
678
258
121
702
83
482
144
220
77
746
631
344
499
493
907
890
803
253
829
481
478
953
135
98
38
912
208
820
215
561
51
641
868
861
630
864
917
330
823
238
722
793
828
1
875
67
109
8
490
775
170
532
832
332
462
804
663
345
254
262
958
755
646
332
679
155
84
677
354
191
391
633
983
278
375
90
574
330
334
119
852
981
29
515
467
298
594
838
984
917
682
615
459
514
648
446
688
273
657
712
49
388
593
633
28
46
117
872
656
208
725
198
23
920
249
725
574
45
401
601
702
18
755
661
483
392
660
981
781
106
941
47
216
975
665
916
346
518
566
865
68
112
132
634
862
451
780
931
341
636
935
854
360
200
938
464
366
622
581
707
264
514
465
483
344
572
973
166
641
578
666
610
719
621
358
480
63
529
838