803
168
967
631
17
693
560
296
622
127
921
209
889
300
917
796
916
78
311
376
966
705
378
994
198
937
725
698
776
375
558
969
54
181
727
304
187
542
864
685
889
734
639
52
330
337
31
748
200
371
161
811
376
515
487
821
165
891
273
319
629
598
718
55
849
813
278
330
417
571
114
406
494
457
540
519
985
865
388
432
37
248
550
962
797
941
910
664
628
245
819
806
85
348
368
680
170
216
828
816
116
805
98
85
187
676
387
410
939
106
973
716
707
836
406
6
168
490
697
264
340
478
903
845
762
525
817
175
820
686
951
802
313
828
592
594
710
900
951
42
281
202
339
376
83
79
758
624
908
749
90
390
741
856
286
401
523
216
844
461
667
469
674
136
724
866
84
228
486
729
723
613
624
970
809
888
747
982
321
979
410
798
630
526
198
551
786
59
563
666
843
341
523
436
403
116
763
925
213
196
774
236
296
760
273
247
153
186
841
340
946
261
848
523
438
516
449
14
743
490
114
703
403
937
772
872
51
215
157
608
500
53
444
790
453
73
28
176
360
176
360
302
859
195
55
316
898
169
556
637
125
654
991
6
280
137
328
891
329
548
591
52
76
281
948
62
712
349
653
333
899
187
965
863
91
868
29
454
278
775
51
204
827
912
725
128
520
61
162
168
389
609
193
690
728
917
788
483
357
513
845
963
669
781
483
535
159
274
562
149
361
45
324
13
221
67
282
830
601
539
770
974
788
983
297
599
816
57
159
887
970
383
391
27
84
967
236
865
113
6
743
670
231
39
135
34
860
574
616
197
319
553
511
558
793
133
251
357
184
118
898
88
488
59
558
793
977
141
900
111
948
263
274
541
410
251
318
284
330
564
363
287
98
254
235
653
817
386
326
263
902
970
525
866
562
216
993
442
555
52
868
878
557
92
191
28
595
777
781
433
698
8
617
503
703
914
980
69
224
665
298
566
645
869
92
558
456
882
316
482
585
545
261
554
971
334
696
737
412
81
656
162
656
508
381
304
944
675
464
845
928
908
851
853
246
295
680
331
797
97
920
708
929
963
493
769
199
972
347
601
253
559
890
393
222
379
120
346
926
148
816
324
436
989
71
735
49
950
21
912
696
260
766
743
450
893
918
197
708
82
308
40
497
843
184
192
93
721
145
427
674
773
432
75
468
376
29
44
66
76
875
514
609
634
151
675
116
438
112
798
990
463
340
185
968
372
965
405
259
200
682
309
446
371
739
997
810
65
452
620
784
643
922
533
17
696
640
180
632
371
564
86
583
514
83
238
151
353
524
282
30
104
228
762
347
861
984
775
162
271
393
743
431
924
306
21
789
262
950
848
975
619
60
863
978
462
718
311
289
188
451
255
329
639
321
422
34
500
263
752
883
642
462
962
974
307
748
463
88
938
430
240
771
101
747
2
611
946
521
203
770
557
156
311
677
307
854
760
299
171
434
216
519
531
40
699
916
431
347
308
533
455
122
736
906
608
341
673
342
338
403
983
915
200
747
230
962
776
2
197
239
715
465
612
983
22
95
644
808
120
901
716
656
751
964
803
55
710
886
236
86
426
736
284
446
941
691
97
323
506
839
729
49
164
733
39
696
999
534
968
336
90
657
225
997
324
105
844
311
881
809
803
718
700
95
257
803
493
463
82
101
265
362
274
14
265
930
695
844
343
462
99
471
479
666
693
453
533
464
46
155
338
349
411
551
892
687
499
405
136
630
885
16
638
256
370
622
105
95
278
526
370
964
374
830
588
799
366
198
195
816
229
297
863
719
642
634
740
527
413
942
114
854
356
863
933
783
575
189
899
832
691
9
956
176
664
592
66
58
606
467
825
954
238
458
679
89
855
567
887
704
834
34
520
152
377
920
659
178
506
881
968
454
672
643
533
4
315
437
890
429
55
465
459
438
636
635
248
939
492
794
332
124
278
752
56
170
775
799
312
67
710
295
836
602
119
754
113
811
568
319
333
639
361
105
652
67
5
877
164
742
699
302
968
266
498
921
831
775
843
731
737
559
61
338
319
508
108
425
586
641
655
706
483
62
937
814
646
990
941
834
685
308
18
459
220
727
208
682
373
779
593
63
923
570
862
778
981
666
920
496
220
247
377
314
438
974
695
535
96
127
899
657
158
454
99
311
136
850
593
389
688
386
407
171
287
296
997
583
595
832
598
279
714
728
992
86
783
295
295
180
324
311
125
806
975
529
685
28
470
301
309
778
596
375
104
920
767
925
489
565
103
502
89
451
471
995
297
766
936
687
297
309
344
801
638
537
445
527
755
332
699
514
69
389
241
504
655
537
597
743
972
295
272
784
443
92
54
221
342
544
609
931
155
490
347
740
102
477
65
399
205
207
348
333
364
97
273
611
256
742
168
215
787
903
410
940
436
13
355
506
187
548
932
59
387
251
69
996
161
431
484
267
432
360
26
696
205
372
387
515
646
553
693
786
643
164
362
454
49
639
142
179
496
510
756
803
619
800
224
921
578
643
863
515
242
315
243
835
154
642
765
153
328
20
495
137
485
204
913
567
474
172
959
249
209
156
148
316
71
391
675
431
924
986
109
235
500
369
916
744
984
828
943
476
764
934
293
181
972
952
849
284
499
364
681
569
714
295
570
443
288
598
698
40
71
331
914
99
89
130
429
415
387
731
781
249
718
658
797
105
576
268
260
49
94
9
848
7
979
456
662
44
528
538
676
959
248
841
328
720
440
589
316
699
585
707
675
788
682
961
348
40
791
353
809
217
635
587
257
457
936
815
454
41
274
405
336
784
419
51
901
374
874
812
804
451
484
559
724
781
845
148
917
445
106
542
2
250
139
963
282
177
884
178
954
616
249
906
97
965
39
836
559
2
735
131
710
344
916
204
548
309
871
871
512
409
974
117
63
549
793
49
638
451
883
306
613
603
759
667
344
844
587
79
54
734
410
455
833
14
448
137
949
135
78
689
843
519
493
349
801
158
838
988
50
818
745
862
269
695
386
304
300
143
107
298
588
223
237
671
380
242
806
593
112
312
823
996
970
73
291
382
903
703
320
279
159
13
406
654
945
440
526
553
679
707
376
104
575
776
966
906
430
938
501
468
267
119
352
653
178
538
105
818
676
249
506
480
566
608
133
437
823
478
53
618
897
346
86
447
806
10
67
114
801
534
325
37
801
743
554
516
756
735
870
248
43
906
198
364
792
212
869
77
134
526
41
584
954
568
807
451
153
375
267
230
108
633
199
430
122
794
128
212
623
252
452
213
110
518
354
344
18
493
183
745
262
72
294
940
101
522
286
381
619
220
367
277
856
167
689
91
514
0
867
779
827
989
768
841
743
94
925
452
729
309
879
973
925
533
466
235
444
136
869
213
997
877
867
362
815
327
704
96
184
325
77
550
561
842
78
5
670
843
835
974
906
380
486
869
334
790
494
614
933
108
612
845
620
509
543
289
675
246
737
0
539
280
455
940
249
974
326
783
533
23
429
821
514
696
460
92
352
534
105
608
742
634
541
143
0
468
310
803
545
271
516
864
231
113
134
170
884
382
506
401
256
186
39
639
712
563
912
789
480
270
291
688
182
494
358
270
357
208
300
801
970
887
531
534
711
6
464
738
763
200
172
62
1
67
897
779
987
594
827
983
658
113
843
294
103
481
29
520
279
251
365
887
409
417
784
448
764
114
435
453
64
194
283
894
682
178
575
85
585
157
618
856
1
151
463
232
161
300
819
192
925
334
760
327
14
883
663
323
243
915
261
681
552
670
214
164
710
492
99
512
754
494
857
130
766
984
172
711
686
474
250
410
902
690
446
812
961
707
158
73
404
591
934
344
491
37
374
991
287
741
868
126
79
753
29
864
318
456
103
458
600
401
633
166
764
38
114
789
34
480
225
500
932
179
1
157
977
7
976
171
952
460
980
431
589
639
254
57
694
757
162
423
831
11
42
445
659
996
421
812
874
162
185
753
422
147
140
618
841
156
497
351
233
892
576
545
463
200
952
478
658
662
466
481
912
437
368
70
474
383
606
173
23
891
798
872
663
534
260
556
630
160
373
276
768
110
902
247
792
948
776
775
45
626
446
830
71
304
1000
633
96
116
908
715
884
211
806
29
685
265
916
525
829
464
562
947
90
287
321
181
966
878
695
499
740
188
228
836
667
747
875
846
943
322
863
883
887
956
686
275
445
13
693
112
342
619
4
30
791
628
571
204
871
57
486
268
531
549
13
316
348
159
990
528
177
589
120
723
324
227
418
509
779
434
447
784
323
91
723
482
242
268
780
715
187
666
994
143
659
189
358
2
492
62
100
649
34
956
343
619
366
404
762
760
516
65
721
279
846
935
352
267
475
821
63
816
411
732
781
800
877
6
583
754
768
83
253
808
853
625
705
502
794
560
207
398
74
362
158
692
706
466
496
939
838
190
383
567
325
542
542
777
547
957
209
239
949
515
836
736
340
756
563
883
105
630
403
865
587
312
177
682
182
74
929
601
656
722
258
947
26
396
908
118
516
404
381
141
352
196
794
778
544
160
379
78
293
689
112
386
652
270
492
140
951
922
39
723
411
351
354
230
951
315
865
687
698
884
475
311
833
135
474
111
109
43
459
469
222
530
259
478
310
474
560
887
790
565
320
47
158
943
962
20
922
989
353
588
609
407
598
60
403
184
57
287
107
716
874
203
351
502
340
136
511
101
396
842
387
848
60
656
702
259
257
854
806
33
335
411
663
922
193
35
545
802
608
536
316
761
348
54
319
995
405
103
937
986
692
462
540
156
770
968
828
71
117
43
248
950
36
267
937
912
972
212
664
534
423
387
574
902
538
709
502
506
451
628
295
213
569
808
117
357
8
178
109
692
594
763
553
582
448
668
871
606
349
920
4
633
956
737
598
507
805
590
372
707
138
460
515
221
690
140
139
776
683
888
614
123
981
294
114
116
289
433
173
634
45
598
432
727
525
342
944
293
169
305
934
889
134
565
833
898
368
247
576
874
107
925
970
67
39
205
985
91
229
475
859
166
632
195
215
469
994
528
644
343
603
430
12
713
209
494
103
102
468
77
271
604
344
558
84
286
613
213
994
385
840
170
476
661
236
511
50
56
508
247
688
396
788
564
224
317
453
566
539
786
517
955
45
6
251
336
762
793
494
630
133
263
495
206
689
651
676
604
592
673
84
672
99
667
193
893
880
71
569
534
239
298
496
467
599
77
18
732
299
8
155
114
167
18
380
775
773
60
827
805
5
520
469
177
945
9
326
763
95
179
427
946
203
593
68
350
756
386
292
755
61
513
531
185
249
786
266
710
410
595
258
7
218
640
246
519
936
606
160
335
563
396
705
868
133
315
571
930
689
657
867
927
135
567
726
367
378
224
984
701
579
857
427
47
341
961
378
697
46
823
519
839
436
602
111
491
768
932
689
121
930
415
71
341
30
743
693
471
964
355
118
932
905
848
780
932
633
676
251
220
822
167
589
653
467
798
665
922
974
517
791
260
602
641
603
207
936
797
416
524
214
985
642
32
662
153
247
307
806
711
781
598
399
38
359
320
941
162
726
803
949
820
934
214
983
821
509
941
815
417
788
718
479
636
361
999
386
830
659
274
797
559
88
862
825
685
572
85
86
921
18
121
996
219
172
662
286
435
424
152
295
728
476
534
45
975
62
303
865
873
876
527
509
260
420
783
589
582
338
344
507
75
690
425
53
394
950
58
132
103
502
720
530
384
48
14
305
688
320
304
178
766
492
452
790
845
105
608
256
969
406
530
74
196
862
499
648
964
725
590
527
690
16
108
471
526
92
139
392
987
654
712
175
368
70
741
19
809
537
707
299
333
478
764
413
749
605
714
212
51
660
801
589
864
124
614
199
608
450
462
152
1000
130
794
528
487
395
144
757
322
355
417
223
959
533
129
356
216
603
907
583
314
201
326
930
894
86
599
803
62
806
579
498
666
986
866
389
467
200
160
151
25
327
689
353
641
143
362
365
394
404
649
961
979
360
235
501
750
556
864
420
895
50
207
404
210
421
701
925
269
262
213
506
249
548
139
707
185
640
582
837
807
815
598
707
581
786
512
46
856
913
900
320
169
521
41
395
655
440
974
783
516
110
597
270
276
411
811
208
558
750
746
643
836
966
461
746
963
144
180
206
875
114
200
59
622
587
34
432
183
725
882
899
797
299
979
443
674
22
151
157
197
731
730
643
371
809
762
78
15
727
134
175
406
283
902
257
224
390
982
533
189
741
799
667
580
266
295
847
269
7
866
593
321
136
561
546
669
354
130
501
422
825
746
241
270
66
710
484
220
348
612
512
107
3
792
894
676
589
1
226
406
499
578
148
662
876
650
978
381
577
333
283
785
98
792
613
641
225
345
724
803
223
777
83
567
508
259
416
219
513
537
141
241
864
762
948
918
484
337
20
40
441
515
731
638
531
440
44
309
763
107
340
664
577
69
972
758
710
729
678
496
800
63
542
885
494
337
373
412
681
71
993
927
447
228
159
665
149
972
969
774
590
93
955
729
506
410
63
680
465
910
702
60
880
779
432
426
454
137
514
876
657
428
732
769
883
576
145
197
556
157
238
528
259
109
661
469
353
27
988
538
608
705
960
134
373
922
532
734
154
357
253
904
578
204
329
302
790
562
512
717
282
606
491
838
348
520
265
986
795
466
794
910
187
332
729
14
807
786
691
404
857
437
730
432
494
133
211
240
355
331
940
178
938
900
302
302
274
80
416
669
228
828
985
694
596
391
345
369
949
572
576
456
662
836
898
792
284
980
321
770
394
979
463
186
577
705
601
205
468
3
993
843
917
369
790
804
694
125
483
565
386
882
303
474
699
134
379
64
130
925
586
945
656
913
542
976
690
165
217
553
52
993
101
295
290
36
164
986
698
956
292
766
553
392
393
412
581
682
19
769
409
287
862
366
529
977
39
688
273
660
768
402
392
105
8
5
540
937
627
821
930
224
121
216
396
849
487
90
844
77
470
957
413
889
784
200
424
217
771
542
454
490
641
272
66
710
827
256
386
124
268
168
534
500
526
741
294
352
49
958
78
718
871
579
327
299
530
238
962
775
672
284
895
755
468
206
87
374
836
555
203
734
157
731
192
349
721
876
499
819
851
621
685
897
85
697
139
166
947
977
548
869
162
549
443
69
93
142
527
435
190
955
16
43
309
339
481
307
311
926
913
120
89
377
953
77
889
164
443
441
385
33
309
166
824
952
346
264
757
159
912
596
962
521
12
851
747
199
855
35
509
917
616
966
93
937
444
891
197
43
414
184
651
145
810
253
655
296
455
690
173
33
452
270
17
718
320
721
48
886
595
862
986
190
512
248
27
684
985
963
721
352
307
99
643
302
64
11
818
58
655
974
78
851
391
20
368
72
212
142
788
498
984
528
200
32
252
309
677
209
125
434
580
663
584
804
346
291
973
703
94
55
863
34
605
421
990
386
788
24
40
38
874
560
324
189
639
724
575
69
920
28
518
54
775
438
706
428
473
992
160
155
247
842
653
299
293
927
792
191
237
160
450
868
770
8
879
2
873
578
171
645
24
866
244
337
566
994
287
266
606
314
503
67
891
362
677
666
988
934
195
267
643
279
771
787
632
347
841
324
725
257
340
475
687
477
343
827
125
256
82
395
539
23
199
405
247
825
342
955
420
333
302
419
963
293
694
910
329
348
288
566
962
544
400
957
539
697
282
551
974
871
840
795
880
366
365
452
695
637
607
468
32
300
57
490
129
727
257
940
2
599
240
568
647
717
515
585
992
945
414
648
936
627
464
796
9
114
244
829
662
714
581
279
547
792
839
51
287
290
493
227
9
579
70
51
810
543
566
732
918
460
421
797
522
855
831
889
441
470
698
81
496
904
328
473
572
517
877
576
43
309
759
864
99
414
250
811
581
183
702
286
166
204
267
197
23
119
259
501
145
191
865
198
862
663
930
507
846
549
828
86
677
735
697
634
507
442
313
136
44
856
33
213
917
397
919
842
39
477
629
562
853
848
516
811
931
731
456
32
86
927
989
570
716
791
437
424
840
841
638
16
720
266
852
427
247
411
264
382
298
119
389
306
982
94
31
479
986
720
778
864
853
184
793
261
35
154
854
267
95
742
879
860
790
199
909
189
55
345
639
254
68
508
123
854
315
377
717
785
480
65
955
163
129
192
230
784
76
411
239
1
448
473
572
16
289
103
328
443
994
652
823
595
250
58
795
464
264
195
814
974
476
173
241
254
155
154
726
809
142
166
634
446
289
222
492
359
435
723
367
168
869
260
762
315
519
890
539
3
215
89
768
225
445
318
318
96
194
689
216
142
279
525
498
309
304
31
350
417
78
915
879
244
713
908
79
569
863
925
872
307
990
352
155
621
858
206
558
588
783
617
138
733
663
118
111
109
559
250
398
313
299
465
431
672
304
636
291
450
233
660
591
478
81
713
696
628
655
417
566
45
475
88
357
111
836
898
312
728
325
196
944
354
546
180
703
540
79
688
814
224
852
452
712
370
608
659
266
352
221
985
658
978
776
859
122
56
336
992
953
300
649
844
230
181
286
892
480
500
966
973
347
446
458
975
527
787
704
268
532
457
405
259
454
820
239
518
56
398
713
689
543
244
365
535
954
254
443
966
162
545
857
574
642
123
663
871
525
43
206
102
176
615
608
217
303
141
155
742
755
702
725
467
956
244
84
997
679
629
556
184
942
379
874
406
71
732
585
26
100
947
588
512
942
758
724
113
66
505
112
614
636
771
664
602
255
755
139
705
869
44
114
145
611
563
391
409
817
901
483
449
823
616
179
590
386
893
89
309
822
544
74
435
593
603
417
805
706
924
705
141
706
104
443
629
305
314
158
158
996
908
458
194
190
193
362
424
581
569
170
186
95
447
305
381
456
388
426
243
189
548
395
60
839
370
603
207
404
509
753
980
263
886
927
928
975
612
944
657
755
501
641
898
76
730
702
53
826
48
551
273
321
333
311
795
781
297
737
521
772
353
78
696
703
399
946
299
268
509
759
292
196
529
424
559
2
151
988
560
905
176
374
644
149
188
988
650
232
488
269
863
316
683
229
531
128
501
532
752
292
232
91
388
666
745
170
563
486
838
53
258
91
273
959
925
790
470
204
741
684
789
356
976
773
365
166
76
237
268
176
761
355
3
555
210
174
629
912
201
898
538
868
592
722
362
426
725
608
962
313
790
319
292
273
597
294
840
819
419
238
503
226
377
590
392
909
211
606
623
999
6
7
0
756
168
649
88
410
700
227
136
473
352
416
948
79
320
178
28
982
991
204
189
655
594
139
77
510
45
799
605
167
136
220
870
661
748
474
317
967
825
676
436
742
345
561
805
913
213
463
912
133
343
936
76
511
165
168
439
614
919
374
121
992
210
575
102
970
127
656
536
883
181
635
129
699
883
205
589
777
411
408
123
591
355
551
47
51
784
452
445
409
616
505
257
409
858
125
858
989
658
351
288
750
725
458
507
524
729
901
901
42
431
657
424
679
414
705
935
472
111
719
520
918
571
21
933
589
339
849
132
244
124
73
220
727
440
569
468
728
796
613
270
478
573
585
204
137
501
542
866
807
156
243
507
551
766
882
47
68
872
605
298
307
904
315
972
837
357
252
572
475
331
45
352
459
381
667
848
770
79
15
783
812
536
506
607
965
89
436
919
867
75
291
330
526
929
479
287
137
583
528
15
794
526
86
13
863
711
271
611
450
796
910
452
824
802
151
1
648
52
103
3
354
937
836
604
592
823
592
496
653
395
932
717
707
657
820
949
487
123
942
647
550
799
168
105
605
790
531
974
652
254
290
623
93
536
584
315
790
173
897
126
390
871
318
561
135
694
872
451
333
294
374
275
531
613
981
679
642
554
440
477
110
122
595
344
496
947
593
355
437
485
326
789
457
444
965
251
864
22
86
16
938
385
932
213
47
845
275
313
732
165
85
326
690
182
497
746
361
16
394
379
842
801
295
311
901
348
85
547
255
274
44
484
520
650
979
465
415
9
318
989
649
803
78
650
405
867
795
71
46
174
933
816
105
954
521
359
679
914
744
207
1000
563
137
998
785
497
926
404
809
434
12
400
742
805
118
886
978
280
559
912
652
753
344
898
623
86
294
801
106
454
410
905
288
898
150
462
824
679
988
799
423
491
909
232
785
744
456
920
803
110
434
573
926
925
752
969
62
683
455
539
0
953
383
508
125
918
108
768
106
54
770
223
123
258
208
46
682
724
292
215
384
701
882
948
636
855
978
846
384
493
250
376
670
6
577
719
479
215
265
369
337
54
910
355
728
949
378
546
845
275
194
953
54
947
36
2
885
473
690
61
888
993
273
322
946
263
859
729
279
997
833
54
426
991
185
32
476
806
923
553
41
151
988
763
670
710
245
557
511
767
337
745
751
397
700
828
372
412
183
147
9
22
396
957
842
806
410
678
699
46
832
93
54
284
323
672
626
231
952
331
3
946
251
660
174
693
603
411
219
534
967
675
140
55
109
210
434
124
364
919
905
38
618
608
730
538
857
671
340
563
701
660
473
956
309
171
143
263
728
697
735
709
379
90
354
763
733
96
31
850
895
428
806
83
972
87
514
841
276
176
269
743
404
193
820
584
118
692
15
607
128
977
630
462
983
285
847
861
813
713
230
732
51
637
396
802
337
731
205
483
139
877
253
672
743
968
321
374
808
716
997
118
111
573
817
891
168
839
732
22
706
214
976
140
703
520
14
103
13
944
364
800
106
415
8
629
138
89
340
445
758
251
516
170
542
503
448
384
503
256
292
761
698
249
364
826
750
818
946
851
696
393
134
887
654
192
758
875
990
301
348
739
881
585
558
106
497
438
969
893
380
189
983
873
400
723
406
543
174
719
740
108
870
501
616
211
310
728
765
844
62
759
277
189
125
793
102
573
838
265
555
21
413
526
154
234
406
137
806
804
352
976
618
104
453
457
741
7
158
538
873
76
885
790
419
136
690
905
682
120
192
292
629
998
341
437
143
703
482
52
320
307
883
433
62
411
811
394
838
823
242
529
94
570
936
522
535
701
590
230
136
368
853
666
732
691
60
218
306
513
30
455
961
494
799
841
876
165
762
805
999
170
865
298
338
243
650
39
873
272
598
769
846
440
463
891
878
770
417
218
296
791
898
875
427
335
391
637
524
889
766
214
226
283
321
191
745
850
537
933
395
714
243
227
403
296
404
268
969
401
224
741
707
708
847
818
773
801
625
634
786
817
494
541
855
316
556
315
840
526
191
690
838
677
921
593
732
646
877
111
17
969
519
107
941
126
799
878
475
251
524
171
356
201
764
761
446
304
987
270
901
979
823
788
855
376
77
81
431
324
812
710
421
90
909
905
821
72
828
306
395
97
908
455
252
982
613
113
223
582
111
361
826
997
362
990
852
723
513
156
847
830
144
970
7
690
572
112
769
343
709
600
4
358
756
907
892
456
192
592
944
349
64
816
471
88
566
362
986
931
262
739
389
870
918
634
6
567
731
287
742
433
198
282
115
681
493
225
329
61
550
155
38
467
955
831
783
851
704
210
398
539
717
355
65
384
341
248
562
203
169
368
497
863
377
847
331
374
121
453
715
382
277
959
476
656
774
217
428
478
89
930
95
355
511
860
747
878
348
395
59
286
152
529
636
34
123
34
222
66
469
661
993
469
637
218
261
466
346
503
939
825
68
229
713
469
695
292
481
322
26
545
917
826
875
632
995
842
934
711
921
83
370
136
856
917
363
379
738
427
493
418
39
789
591
74
114
87
73
448
430
879
836
445
87
762
391
734
29
379
431
514
149
405
902
2
67
36
739
33
377
943
551
595
96
51
401
352
641
50
473
303
174
193
885
994
505
659
229
711
493
242
374
963
483
94
950
978
411
673
573
363
819
213
638
511
215
227
711
982
127
344
613
962
496
376
757
369
766
382
837
724
220
11
242
525
372
19
159
185
576
169
937
584
545
388
679
234
358
356
751
628
804
799
732
305
308
9
7
623
543
714
333
438
282
897
230
878
351
657
776
715
4
139
470
365
646
581
955
966
317
947
295
458
787
179
74
854
785
480
783
666
571
194
563
948
289
203
526
705
832
328
492
556
695
549
41
453
817
831
38
362
802
282
404
492
577
904
706
387
859
438
390
992
208
230
162
414
127
988
530
705
295
85
848
243
526
649
514
35
904
929
427
917
986
534
380
778
768
440
509
479
603
325
139
390
862
764
943
827
666
307
56
380
583
131
140
335
106
693
276
240
522
714
10
59
68
886
129
806
696
410
86
716
721
944
45
609
980
236
506
583
300
892
321
369
853
832
229
276
621
232
285
921
985
932
522
161
432
130
907
610
346
486
590
349
598
571
612
586
853
138
830
911
639
861
187
100
901
565
303
368
11
910
219
926
870
226
119
411
223
413
646
744
799
692
504
698
329
885
16
352
759
66
422
210
81
704
294
488
949
249
996
103
73
192
420
720
651
517
678
595
454
538
949
832
519
877
884
159
75
110
231
319
691
233
154
174
291
783
501
452
82
29
978
385
494
907
604
305
612
621
251
417
392
486
622
455
846
591
580
780
481
681
645
576
489
429
7
412
95
888
640
101
539
844
902
4
748
578
192
287
986
616
911
83
892
500
731
623
693
366
185
962
831
483
102
378
562
734
850
33
789
619
748
342
331
5
495
403
812
178
279
303
59
650
284
649
864
307
830
838
945
643
986
942
623
562
160
419
598
39
455
313
4
307
668
668
864
571
267
493
371
536
469
524
141
89
711
30
915
586
353
842
334
319
562
90
319
430
117
327
616
34
122
130
141
814
868
522
935
227
83
533
564
259
975
1000
501
475
418
757
833
813
303
57
455
232
167
45
628
871
152
574
364
99
396
86
494
746
250
3
910
389
572
858
444
579
626
289
169
18
663
604
983
70
462
593
717
401
752
783
178
210
582
379
570
851
133
433
372
325
320
961
756
573
141
999
636
80
613
483
381
666
275
882
327
841
819
770
642
911
572
56
521
955
565
523
246
488
936
951
565
381
620
982
591
302
795
645
520
155
709
806
62
317
279
547
125
533
426
177
277
416
919
26
408
843
49
910
936
183
578
641
689
870
97
681
149
613
530
664
817
760
305
404
795
208
383
770
272
636
892
165
386
872
989
894
63
593
599
282
66
782
84
387
778
904
343
823
366
195
831
935
697
761
467
260
150
977
518
421
606
871
254
961
444
210
343
447
150
445
536
438
956
784
291
366
468
972
146
905
893
248
3
309
200
801
622
892
837
35
14
228
405
708
246
697
411
809
47
455
382
895
780
755
592
152
991
483
336
782
414
629
21
695
56
887
735
687
507
31
633
101
712
536
475
366
595
653
235
987
289
490
73
916
697
656
845
489
12
233
224
794
43
55
954
971
422
788
428
839
757
616
413
229
877
894
992
317
339
154
666
759
390
67
741
283
25
617
163
620
641
127
23
725
741
74
946
347
561
894
818
861
903
36
157
267
358
687
959
839
202
257
768
338
249
998
780
569
932
812
759
429
782
820
832
534
546
490
511
247
331
691
853
49
961
341
605
124
726
221
121
272
933
908
93
99
520
842
355
118
304
796
133
67
685
795
694
569
298
657
283
271
570
625
755
528
946
437
649
655
663
704
158
745
257
165
20
792
300
958
988
162
207
345
687
790
35
730
880
128
658
911
597
292
843
949
412
244
454
44
364
610
350
895
828
722
530
79
856
307
133
950
381
330
88
555
638
25
811
468
408
472
912
369
961
954
222
26
847
261
768
0
257
33
77
215
560
807
494
178
654
665
928
389
718
490
801
298
87
366
689
693
546
101
37
683
503
693
505
908
757
411
810
729
404
607
705
714
917
698
66
939
124
782
956
28
332
666
274
351
552
693
704
237
440
638
867
601
574
866
793
381
529
421
446
388
304
991
407
26
526
349
591
664
321
635
479
474
764
241
106
393
917
599
884
740
614
209
655
686
813
695
672
71
880
974
215
889
238
489
723
592
918
792
429
802
481
539
960
78
30
369
676
404
26
563
129
925
72
68
346
609
17
976
855
449
402
59
354
92
762
505
504
418
980
456
949
573
139
678
589
172
418
986
546
982
857
242
172
988
163
215
387
134
678
862
665
379
293
351
441
10
519
345
16
916
939
588
656
761
740
236
862
90
944
809
266
875
712
491
656
991
341
631
523
294
102
700
236
3
783
447
516
321
58
35
406
194
704
0
250
305
435
181
188
43
795
939
368
67
33
781
150
401
205
193
852
529
469
281
111
674
290
787
731
431
29
869
648
206
783
854
457
698
974
980
842
438
844
177
947
346
55
494
418
984
238
404
739
871
538
73
32
863
736
648
132
73
70
598
741
304
628
289
543
492
525
329
630
573
251
959
717
239
402
34
905
264
902
337
737
966
885
173
674
313
169
367
694
649
967
152
438
477
919
680
864
39
790
412
20
699
506
846
778
16
25
582
461
340
845
759
732
167
558
704
787
946
563
516
231
570
9
700
3
156
384
357
3
825
625
92
975
957
757
699
852
83
470
779
483
777
689
407
288
618
321
421
225
580
534
440
568
516
94
637
433
966
887
99
482
952
196
658
266
331
202
821
88
733
164
217
261
251
716
60
44
229
460
883
323
809
704
254
568
30
985
265
933
96
147
387
215
985
757
450
320
19
23
790
786
351
465
457
277
671
508
412
97
22
304
551
978
245
293
730
512
657
276
264
392
497
216
294
311
295
822
557
24
148
224
30
870
306
989
357
973
419
270
237
525
224
229
709
338
805
557
478
416
234
762
884
9
108
810
951
329
651
587
788
785
435
625
361
304
83
948
941
583
563
972
920
603
893
147
35
646
845
746
314
143
595
287
313
123
299
205
368
679
568
14
122
712
899
333
484
660
596
950
591
460
831
484
51
905
699
426
192
454
571
600
63
419
835
262
649
620
810
224
987
412
454
541
626
483
981
528
987
701
318
86
677
345
579
94
529
769
217
448
121
270
771
687
577
665
261
744
317
590
175
584
628
441
428
120
464
475
376
965
727
967
778
711
997
699
602
239
853
539
757
705
974
45
968
356
430
400
378
962
35
121
17
96
787
770
455
80
958
713
983
805
536
278
868
926
784
49
619
684
789
103
627
360
671
985
300
441
152
609
229
566
357
490
582
439
145
542
718
239
540
350
233
682
508
339
77
177
449
148
724
97
615
944
860
115
621
108
412
451
424
934
773
918
339
253
704
975
330
717
934
109
407
442
383
162
627
719
679
660
272
162
694
228
850
761
330
756
591
231
87
907
864
77
788
487
649
243
50
55
612
755
108
453
581
285
529
845
462
543
74
205
736
748
460
143
524
72
974
0
1
932
10
262
789
114
702
332
106
968
942
656
861
85
59
937
141
719
485
527
12
135
705
166
916
186
510
244
552
46
958
615
579
418
116
728
749
829
4
241
666
541
630
94
128
414
586
501
670
820
720
238
727
222
689
61
951
189
823
214
898
62
889
2
664
703
922
153
931
467
98
371
804
121
748
720
792
545
516
23
714
988
56
153
718
843
373
735
767
282
13
832
286
286
196
728
644
207
948
818
457
787
785
581
899
144
566
551
22
204
462
104
28
769
95
722
36
263
732
571
351
914
778
811
78
729
196
742
811
961
981
667
32
924
610
773
351
524
982
150
396
103
36
871
557
374
570
348
644
168
385
674
320
483
369
57
58
169
784
261
842
453
747
598
217
787
57
782
868
239
319
750
209
409
455
348
189
405
754
833
585
665
230
18
378
275
223
13
803
379
75
627
648
357
881
384
640
489
976
559
993
507
782
700
943
848
62
17
734
393
112
546
612
582
957
33
595
528
803
888
174
491
784
293
269
407
338
74
169
860
537
302
498
896
270
444
948
331
913
455
649
60
658
499
8
290
717
122
215
687
277
45
118
377
977
201
701
761
170
158
218
4
943
355
503
160
419
220
121
228
230
421
200
518
995
903
370
596
411
521
729
267
571
264
16
16
531
51
919
142
415
796
893
956
560
139
801
208
128
295
485
434
472
782
492
397
615
202
138
606
367
297
764
593
200
810
790
228
941
97
609
579
300
157
476
210
233
598
547
644
516
447
96
768
949
204
857
687
799
262
179
425
520
655
290
194
15
472
143
279
174
151
902
530
913
757
680
870
777
771
336
979
47
148
696
678
770
931
263
329
482
20
309
400
615
547
992
998
414
828
799
320
47
654
305
716
476
261
572
801
250
55
882
102
412
412
552
467
68
527
485
342
856
92
968
719
321
854
695
655
92
121
487
100
341
263
810
587
10
579
843
313
368
444
460
891
558
767
942
855
700
464
751
982
908
415
143
842
576
848
230
361
675
491
183
158
163
38
150
301
273
524
729
74
539
590
678
913
417
335
395
107
516
946
365
40
575
137
302
931
498
159
448
928
218
331
662
703
365
653
857
574
819
785
328
946
966
70
258
531
890
18
82
797
387
511
293
52
295
965
172
385
533
261
543
927
344
887
561
548
39
162
520
125
772
620
818
605
703
361
914
641
488
686
373
907
655
875
723
495
80
418
416
57
304
258
589
81
444
828
489
443
354
642
659
986
643
874
504
432
854
354
711
446
397
990
715
700
828
689
364
726
533
456
398
405
919
547
818
71
349
191
452
345
281
241
179
256
705
261
338
936
570
801
838
331
438
235
300
357
765
695
400
853
371
921
814
55
491
321
81
974
441
202
336
501
892
428
363
122
914
37
503
637
236
601
941
205
153
967
698
599
662
426
438
508
113
251
358
172
321
597
475
922
227
839
223
787
870
731
531
841
426
879
825
488
897
298
627
421
643
540
14
505
214
581
444
636
758
365
912
969
812
55
732
283
232
417
104
591
678
427
800
620
164
385
311
8
892
94
510
304
69
106
394
370
250
583
675
135
290
721
801
791
894
921
735
293
269
166
653
941
315
234
242
777
604
953
921
366
988
514
240
381
679
53
359
256
38
261
843
987
365
967
217
22
954
74
905
689
884
767
141
762
797
113
794
972
418
80
310
184
345
2
327
378
19
662
450
578
298
116
250
503
432
247
550
681
358
907
45
323
905
237
644
105
270
528
895
57
424
830
479
990
97
566
185
10
374
115
323
8
336
608
769
184
584
944
936
736
728
177
351
413
544
579
547
790
338
908
268
174
47
140
269
973
869
127
761
585
992
154
496
347
523
979
272
440
322
566
372
13
325
253
594
423
873
935
500
957
255
909
156
160
848
848
560
913
305
870
30
446
865
754
422
720
267
193
20
984
625
329
484
764
91
159
471
93
668
327
692
701
568
258
563
541
340
80
791
87
630
319
471
945
200
536
565
97
997
25
686
352
221
424
829
742
986
196
227
159
779
717
608
786
337
533
974
448
412
747
540
321
361
765
565
966
669
606
407
309
307
470
124
343
849
943
967
670
393
390
800
366
34
968
264
345
768
795
613
12
495
629
496
372
722
150
878
946
433
735
93
448
396
447
677
80
510
523
482
210
102
469
719
361
550
812
306
137
147
896
730
194
579
497
597
221
931
552
470
904
29
352
512
347
229
739
886
264
642
702
559
483
459
275
869
591
177
855
669
536
369
78
982
380
310
726
429
524
610
434
412
564
367
154
901
721
320
315
771
904
900
654
945
943
259
523
35
760
938
584
395
131
792
419
911
264
326
854
257
92
247
19
273
5
541
185
558
973
562
829
31
463
50
792
127
415
961
724
709
550
92
416
897
736
895
36
234
794
824
613
303
363
248
963
508
771
131
930
590
336
790
12
575
580
300
963
32
170
583
550
979
186
392
688
744
321
492
837
812
247
799
229
2
243
743
610
577
896
395
577
706
58
147
54
115
389
700
519
85
444
392
199
286
907
788
906
68
681
607
911
620
241
917
684
90
300
414
514
951
237
793
554
484
420
855
730
153
426
969
649
6
375
61
954
944
425
802
735
732
426
553
342
884
398
10
104
655
663
415
82
728
537
936
848
432
368
498
447
93
716
161
954
365
825
700
496
836
432
675
188
726
849
364
372
845
537
430
566
237
707
901
106
947
848
783
560
850
872
543
36
72
904
986
63
324
504
915
825
638
194
614
319
143
717
473
332
723
551
344
520
538
892
753
755
152
306
110
810
83
449
147
210
145
454
227
150
987
734
915
896
702
259
627
671
563
806
499
181
816
626
598
491
489
578
869
179
644
757
578
686
462
703
937
116
118
299
310
856
326
468
587
435
576
648
921
73
503
504
947
598
943
12
788
65
500
374
452
754
62
715
430
953
769
135
287
568
339
338
465
890
100
523
826
913
646
660
383
195
648
858
896
662
183
787
848
279
857
218
119
9
490
956
660
390
530
775
750
75
798
800
843
748
966
685
853
381
756
947
664
346
981
659
340
395
124
857
24
618
863
384
344
75
815
997
526
332
147
997
118
704
281
216
284
802
229
316
199
634
362
983
404
421
778
249
785
273
214
401
734
389
11
635
927
247
685
814
6
801
896
231
683
384
880
505
484
600
827
670
849
599
882
949
879
814
401
87
119
387
408
103
717
102
846
175
424
413
634
535
866
985
457
380
230
389
673
450
620
403
546
270
427
920
147
511
885
315
218
600
22
242
674
191
424
48
157
983
523
325
122
970
105
8
729
789
755
18
952
862
328
341
157
77
203
432
864
224
367
352
675
490
21
633
323
752
171
139
142
75
290
229
939
279
281
836
179
336
63
198
482
282
726
268
82
794
278
283
290
353
998
266
636
498
480
795
233
541
159
596
233
937
879
751
19
612
299
569
86
156
841
714
680
39
993
295
778
582
839
933
169
91
141
469
873
440
60
804
64
238
281
232
11
865
417
569
851
665
70
399
483
145
855
213
365
634
58
776
900
215
106
584
195
423
107
858
916
935
847
84
67
624
253
716
925
936
109
837
975
347
491
128
743
421
66
768
426
870
264
489
674
603
971
418
61
31
913
42
764
888
465
406
779
940
312
512
723
795
847
679
641
38
396
28
286
761
519
434
996
585
149
934
884
253
339
60
257
771
625
466
72
951
87
583
91
959
720
1000
863
522
523
379
642
602
246
380
3
766
66
772
629
639
917
945
760
874
110
43
536
178
317
344
760
304
889
444
563
676
605
905
839
46
904
433
605
727
256
790
903
192
459
819
238
141
679
96
786
158
234
355
633
690
61
458
177
713
960
207
810
491
911
4
798
338
933
236
699
762
988
120
806
758
9
235
609
16
958
159
594
172
711
656
807
319
617
153
962
172
362
927
391
386
765
506
222
195
938
153
380
196
334
430
513
857
708
77
457
640
941
570
905
406
671
749
825
953
784
263
39
346
410
460
311
252
154
636
721
968
781
818
726
615
23
691
118
239
380
328
540
906
189
230
546
461
543
132
410
526
603
57
432
11
137
728
376
115
968
356
179
314
238
105
77
493
770
327
16
963
435
524
927
259
136
237
323
641
24
213
487
449
536
705
9
263
599
472
769
814
221
538
636
30
868
282
48
232
961
119
163
391
208
984
969
956
166
246
788
772
294
303
784
632
155
183
519
387
771
356
314
88
586
27
858
547
538
536
584
903
104
708
563
755
738
893
267
382
513
29
568
653
485
17
167
615
526
948
557
255
291
79
6
386
29
705
828
935
994
613
769
722
735
152
568
356
205
869
713
93
331
881
810
52
108
500
159
90
91
786
125
954
815
961
999
393
122
359
463
301
268
291
53
850
998
588
623
820
645
432
115
335
152
484
35
432
714
721
1
648
713
972
575
852
635
289
771
164
334
291
932
712
188
334
9
978
477
968
211
686
622
344
518
331
107
442
813
137
928
195
417
787
225
811
935
92
42
6
37
465
18
778
920
788
537
672
554
245
215
565
470
698
325
786
731
184
895
131
699
843
575
196
271
166
115
229
245
975
367
861
69
296
112
4
737
493
843
928
413
480
102
256
572
386
733
169
754
288
927
387
184
497
695
910
768
410
934
374
743
206
867
904
339
588
29
704
336
836
604
272
314
907
225
652
190
490
422
870
352
193
902
418
459
254
243
798
657
268
782
336
880
674
985
771
16
266
855
155
793
489
379
309
69
596
933
712
55
394
358
706
304
101
389
724
768
138
820
934
944
627
618
672
619
599
63
375
214
175
655
512
599
894
983
102
943
560
150
474
490
446
781
315
64
14
154
887
930
48
725
149
316
115
955
884
648
733
70
346
562
626
312
904
338
199
344
876
847
715
399
578
229
331
6
467
339
0
248
680
217
685
259
205
698
782
467
369
486
929
663
284
648
261
94
952
371
717
865
238
22
525
433
914
267
422
309
896
189
641
547
462
733
631
853
663
848
108
293
94
939
510
179
450
12
925
726
453
891
913
546
951
365
218
932
660
83
367
167
310
55
975
591
836
566
357
889
696
711
474
716
376
845
841
759
798
782
516
241
455
725
355
709
791
767
814
537
16
590
753
131
891
970
170
548
260
769
668
399
760
261
361
269
953
811
811
126
153
503
925
444
69
807
990
642
101
545
830
344
690
448
932
718
829
131
144
796
675
363
967
809
849
792
15
193
75
747
778
770
67
193
50
686
433
399
400
150
733
760
266
114
752
94
619
145
926
869
366
83
752
670
485
669
694
436
369
384
286
540
416
945
403
445
377
996
105
982
797
246
142
711
290
243
175
330
400
549
658
539
915
764
773
514
765
863
44
347
243
916
495
739
434
872
92
542
719
189
960
589
912
809
733
848
709
672
735
937
372
260
795
349
360
181
642
701
980
270
973
122
586
203
683
541
496
818
49
322
443
222
257
468
432
53
167
692
594
225
626
728
846
97
478
745
739
356
553
965
176
157
541
944
529
54
195
225
915
622
622
437
717
592
407
844
686
29
219
372
599
682
944
72
272
868
120
753
397
491
848
967
327
56
614
578
317
823
12
992
641
896
612
701
126
554
943
630
793
695
366
558
264
573
358
155
72
250
696
187
377
136
464
318
913
855
238
384
99
374
456
648
960
224
86
46
972
668
835
3
16
49
434
213
416
464
556
574
866
954
586
645
748
492
37
900
583
204
858
204
326
733
45
486
230
461
243
805
726
87
592
229
828
474
274
378
664
569
4
842
987
16
435
775
484
261
777
241
63
988
669
563
73
971
390
625
868
335
665
997
423
640
576
606
242
992
234
61
703
564
653
493
866
898
137
793
346
43
193
60
864
280
343
763
455
120
200
550
102
980
795
495
822
411
221
802
544
792
232
985
85
441
465
736
385
483
79
296
94
142
614
141
473
898
47
830
196
205
524
886
377
352
420
944
416
297
377
987
516
314
623
403
602
686
801
263
91
970
694
590
342
701
9
309
82
653
765
483
249
244
587
865
409
523
375
648
827
829
295
551
802
72
354
519
994
826
715
188
257
109
328
134
90
233
551
441
714
261
125
844
886
733
372
730
254
815
111
379
130
150
404
839
70
180
974
307
516
966
424
570
448
380
658
152
733
102
887
971
488
145
42
863
103
275
72
903
328
865
452
7
90
759
638
230
424
68
742
188
456
273
808
18
617
155
175
579
974
38
804
288
33
602
519
398
915
851
506
641
81
234
497
736
778
840
87
936
780
423
669
586
181
151
147
298
381
660
30
235
137
476
526
797
99
257
404
135
343
244
448
751
821
275
861
193
423
776
670
546
377
989
190
452
763
46
478
937
335
286
347
381
742
234
862
194
942
223
255
950
875
916
686
195
178
941
240
78
342
200
469
424
136
488
596
729
31
239
397
938
298
369
982
410
8
943
17
677
59
677
496
300
332
4
253
584
40
212
159
864
470
482
242
664
765
625
947
585
285
959
360
297
310
544
390
928
373
808
351
343
142
377
508
3
129
393
198
318
187
427
770
912
897
426
375
323
109
368
922
705
443
966
947
370
744
816
40
617
681
358
525
157
375
380
864
131
574
190
24
342
321
281
218
80
523
821
415
294
730
778
726
298
37
815
539
768
430
823
85
205
18
599
918
584
838
187
224
804
415
644
370
756
568
544
841
135
728
730
621
861
323
792
509
40
37
933
535
986
207
336
1
974
950
72
143
572
685
401
310
1000
921
188
747
597
304
143
47
26
889
933
499
932
787
369
403
278
928
516
804
916
917
180
931
538
2
920
80
430
220
822
191
25
265
963
587
94
101
302
937
11
987
779
370
840
723
574
477
323
170
65
892
478
819
838
505
790
133
557
328
302
908
335
840
799
835
143
759
534
604
481
74
578
423
750
140
790
209
582
347
143
264
505
530
927
6
426
326
156
617
865
205
699
540
642
188
118
283
619
908
149
320
797
384
900
785
459
505
998
171
836
846
336
433
156
279
739
857
531
880
230
89
506
203
578
324
3
624
449
207
216
620
410
701
76
480
72
716
484
177
608
977
519
582
225
936
582
448
821
203
796
60
350
749
824
318
92
809
648
121
524
9
12
889
520
86
904
458
608
261
789
208
427
712
501
542
337
358
751
229
601
27
585
634
892
891
59
799
12
468
568
844
230
743
0
127
657
137
538
482
830
708
713
975
610
318
962
176
910
986
160
674
725
295
438
151
95
795
736
258
374
80
681
591
59
311
200
297
172
898
790
761
492
804
138
820
800
164
721
610
23
998
41
496
655
820
958
349
444
959
425
490
420
368
97
145
962
809
510
512
712
218
928
454
957
38
899
252
760
851
946
120
960
441
619
72
111
573
835
652
941
762
833
751
430
215
311
987
248
153
967
968
19
76
175
7
572
45
416
701
908
946
509
727
209
191
894
869
69
332
155
984
518
258
617
58
668
114
493
306
808
947
624
195
473
650
101
795
973
987
649
666
447
241
392
334
678
47
340
425
905
773
122
223
13
518
921
263
421
903
152
287
936
233
359
976
266
399
945
580
280
280
443
30
455
477
295
171
151
638
522
540
241
516
293
829
733
606
577
250
903
571
689
456
937
385
75
587
361
307
464
376
837
737
295
660
847
861
84
182
95
292
263
657
107
281
626
359
470
979
135
17
638
181
655
630
885
61
607
172
919
589
480
618
895
718
403
592
384
525
81
409
403
682
274
948
589
604
621
399
695
562
25
989
179
350
534
88
207
212
807
316
311
625
574
524
761
105
899
743
259
306
22
348
358
874
349
713
781
386
773
378
385
742
851
166
144
338
421
539
64
896
608
869
373
832
850
658
318
56
17
39
94
1
358
374
663
546
184
915
151
24
722
739
876
389
949
21
901
606
500
912
905
462
736
351
640
363
262
497
990
388
491
555
415
36
446
406
474
118
71
513
378
68
178
978
493
729
513
805
799
672
694
467
929
697
472
12
273
313
378
875
516
874
467
968
539
958
240
691
287
674
590
676
846
56
340
904
868
861
186
778
32
650
317
405
410
503
845
726
635
593
75
239
535
546
95
730
823
897
562
930
275
166
96
316
512
368
585
193
546
792
379
407
597
108
253
988
758
748
278
116
368
53
986
203
471
848
763
465
701
871
689
532
535
863
884
774
90
215
669
15
472
479
544
557
827
494
850
412
952
365
680
812
296
170
617
299
920
684
695
23
116
607
47
476
383
66
126
104
599
134
0
835
19
958
763
472
179
215
35
124
574
257
903
30
528
350
168
592
23
327
902
150
594
387
496
782
874
835
766
485
604
461
938
712
497
918
340
557
570
627
408
63
50
262
63
258
508
66
79
335
920
838
835
633
387
795
359
648
142
772
514
624
671
997
612
428
194
606
32
127
68
127
188
7
815
417
472
818
372
327
396
341
206
390
386
405
104
482
32
566
448
635
451
405
209
914
661
569
113
441
544
662
51
353
109
213
786
212
751
810
588
102
416
641
145
216
271
495
40
952
381
715
309
830
564
656
207
845
782
654
637
877
778
372
580
668
868
797
108
942
192
695
609
829
415
765
44
147
348
801
667
955
139
698
576
62
826
657
291
564
573
310
964
927
128
165
61
947
212
202
821
305
473
380
258
472
102
883
582
216
914
854
739
290
953
5
684
577
789
804
939
475
631
369
395
307
913
987
127
790
765
980
812
924
307
687
121
471
385
592
509
180
375
974
888
805
160
85
297
617
707
211
819
205
111
339
70
543
230
62
459
187
152
483
683
747
684
877
49
71
467
23
527
148
284
592
699
565
22
55
896
91
328
288
432
399
150
787
282
568
924
860
506
907
400
565
274
105
45
597
261
893
897
631
592
823
205
828
350
82
542
320
321
811
854
686
538
711
516
43
598
711
891
282
230
396
148
717
870
781
639
191
190
205
187
208
201
537
413
749
118
390
805
967
475
668
385
138
424
565
467
76
359
777
407
699
579
913
843
153
772
1000
163
426
970
483
504
561
652
769
98
154
336
240
931
669
90
1000
153
16
752
562
55
666
958
343
406
678
558
10
902
248
392
293
839
373
242
596
125
256
517
939
766
783
721
608
710
552
251
504
850
480
954
262
196
712
245
917
964
444
185
181
351
708
831
17
901
199
3
640
199
326
930
483
927
151
59
876
144
224
809
364
953
992
979
44
584
274
356
826
973
401
857
258
38
677
106
991
710
752
331
494
264
629
704
272
790
371
290
959
112
542
277
873
595
113
12
834
78
211
563
589
974
959
83
128
894
254
219
652
355
152
418
560
131
741
333
21
628
648
72
292
71
228
893
877
161
173
973
382
588
991
765
859
473
276
309
50
815
776
128
776
915
154
159
965
199
904
393
528
554
525
259
855
557
498
875
49
20
921
270
543
109
723
25
164
578
143
743
932
347
658
370
557
127
24
179
663
76
264
679
402
845
439
712
500
762
934
447
708
228
376
816
549
223
542
749
788
74
806
465
58
795
913
405
274
999
26
500
90
439
804
900
611
834
672
263
78
963
281
574
438
616
742
221
890
192
217
335
357
45
738
62
824
630
894
640
142
536
548
386
251
746
691
204
836
355
420
902
893
635
478
848
227
509
729
548
834
889
765
215
220
222
719
288
576
844
958
956
215
954
602
272
954
644
460
886
280
340
986
324
890
668
781
782
623
786
456
708
521
531
783
922
162
264
778
577
307
940
220
151
50
442
899
277
784
342
913
907
161
750
38
557
620
779
436
235
963
26
621
514
246
373
890
104
848
670
638
316
277
431
926
430
402
305
992
663
194
89
295
659
128
263
354
229
39
123
130
674
807
157
463
187
436
801
354
980
250
578
417
705
273
270
610
705
580
609
380
369
25
383
616
296
896
829
113
563
515
772
721
564
287
955
827
273
868
965
269
668
641
590
730
743
334
821
747
491
388
317
760
607
383
537
314
100
236
259
121
942
475
55
746
650
685
577
101
292
566
889
807
997
630
328
102
207
662
851
0
704
141
104
423
858
360
710
630
307
969
401
489
845
959
168
539
227
387
557
9
909
194
186
581
358
999
977
741
446
719
259
269
329
720
814
767
438
511
737
875
671
966
163
112
701
260
135
356
718
585
311
16
801
859
129
929
625
102
147
423
904
725
307
203
417
158
276
962
392
418
92
857
221
841
163
182
827
322
824
594
534
31
417
320
108
429
568
645
430
198
238
903
718
771
5
998
407
420
58
615
53
709
850
136
697
955
915
651
677
478
127
305
69
272
71
246
893
882
340
718
221
538
930
557
603
213
870
321
621
137
172
186
401
557
925
62
23
301
733
291
482
444
17
333
287
60
106
968
0
470
96
28
764
413
955
744
35
250
994
131
692
50
37
230
764
999
360
796
957
786
301
22
988
10
867
897
128
937
645
848
844
345
455
796
607
224
899
316
955
672
819
15
137
886
33
984
512
23
699
989
80
638
468
443
725
187
205
928
88
121
313
583
710
926
955
211
743
234
770
847
913
452
730
825
632
590
528
864
611
728
998
582
20
154
508
357
312
26
125
981
878
22
586
712
46
527
924
842
662
477
520
82
273
267
970
827
437
58
643
296
881
274
766
240
492
706
46
736
147
761
473
184
749
892
145
545
441
535
495
492
692
86
725
597
892
197
203
65
539
167
3
160
385
532
907
819
788
513
438
960
911
402
3
108
411
14
102
505
677
345
653
860
442
537
924
324
53
232
170
847
496
877
766
646
349
446
646
286
349
388
787
823
729
282
348
913
451
938
220
833
465
645
308
672
370
748
495
976
793
242
521
813
479
293
947
767
437
552
856
655
285
189
312
779
258
47
447
593
183
593
287
398
159
879
344
648
654
419
421
967
940
511
639
28
989
659
851
649
737
502
267
233
48
423
72
978
697
91
449
74
679
407
362
414
29
772
572
237
225
13
778
951
65
842
186
354
452
733
962
915
932
232
170
204
959
402
612
617
59
379
400
521
145
935
291
97
648
50
182
313
204
753
531
377
998
147
867
209
112
136
940
514
77
410
901
564
256
373
755
172
973
332
656
441
873
823
85
387
849
29
374
830
832
954
964
517
497
576
51
932
234
379
245
164
513
603
486
949
961
987
18
937
395
637
894
872
870
874
572
170
657
805
747
255
308
509
893
422
679
724
135
467
2
776
276
835
773
507
460
346
342
266
275
851
820
202
342
892
188
502
928
971
166
346
260
126
381
739
769
557
976
254
880
450
125
423
597
483
636
407
976
427
363
725
961
94
790
350
320
897
652
810
35
896
769
956
383
533
551
857
480
739
892
621
911
466
79
668
269
728
245
111
851
339
121
420
140
658
260
614
514
989
747
408
603
450
352
691
780
222
256
39
237
267
981
457
992
584
486
700
8
149
849
810
344
948
816
288
645
849
571
104
588
95
505
319
485
830
264
377
328
333
909
715
224
157
87
750
96
738
313
182
868
45
247
747
229
372
480
400
439
100
497
135
522
434
331
835
564
287
595
980
890
155
586
234
347
800
43
280
428
784
422
48
705
36
510
150
645
294
472
959
33
449
163
235
258
261
808
347
557
572
9
533
774
78
305
897
67
647
414
582
143
927
329
893
248
21
268
858
261
729
577
720
777
290
500
76
464
193
790
937
58
21
184
680
367
182
147
348
168
182
797
326
563
398
480
157
383
186
616
59
765
650
686
707
836
695
337
937
115
520
505
42
153
125
185
946
944
310
759
317
46
468
502
34
229
726
531
272
823
365
637
387
639
543
354
363
877
694
702
240
237
227
926
485
214
883
875
265
989
584
376
810
995
258
479
234
952
676
235
617
78
356
237
258
235
403
396
665
3
247
992
727
335
287
258
326
518
256
945
563
409
527
792
883
529
209
107
984
755
321
351
277
851
843
92
127
689
29
102
514
239
7
647
290
247
853
899
32
777
912
10
729
728
54
862
150
524
977
446
236
883
622
690
878
196
329
96
804
485
413
431
124
914
525
375
713
534
18
591
748
465
546
578
88
370
18
304
154
331
467
233
235
19
908
928
312
318
162
581
971
971
544
917
598
820
875
38
950
268
962
328
384
348
874
224
44
912
590
81
155
109
443
62
939
530
906
596
378
778
974
922
274
845
939
540
115
6
995
82
292
294
886
240
669
562
430
219
254
141
379
415
921
777
987
797
739
228
751
124
290
974
324
71
767
473
634
324
466
314
960
154
285
927
79
488
818
153
711
347
526
168
822
878
684
607
206
906
764
125
848
528
362
628
596
937
210
858
90
11
24
805
606
891
494
42
637
791
52
983
120
935
121
887
132
452
711
999
15
317
886
138
628
56
855
546
110
751
773
923
722
798
426
964
20
124
4
277
261
780
352
525
722
187
596
313
630
25
873
933
662
859
970
273
576
928
479
939
798
778
627
629
887
586
904
679
479
523
864
677
128
201
789
144
87
682
921
735
479
515
547
961
509
141
622
474
994
661
421
195
265
432
470
796
835
246
315
420
272
967
535
541
713
776
90
834
669
726
115
487
361
362
849
718
829
391
197
554
659
753
77
668
254
528
726
461
688
142
714
76
829
242
51
255
356
339
688
617
513
531
316
937
42
13
603
997
429
718
117
545
851
486
890
82
533
829
743
467
544
449
502
249
780
448
825
740
461
4
644
140
867
566
713
966
784
43
366
333
214
123
598
849
385
52
346
44
234
610
114
800
971
202
274
0
592
970
234
171
63
286
87
997
656
923
420
633
156
529
740
75
889
175
720
414
27
76
478
673
268
328
917
693
598
671
871
520
179
830
240
665
516
34
22
856
228
881
597
641
865
218
253
480
100
180
577
607
963
111
740
404
585
275
370
751
246
446
400
900
847
701
970
508
697
728
101
356
240
669
277
827
75
784
632
656
804
172
237
821
814
220
546
264
89
92
38
924
347
464
360
633
783
66
346
300
801
131
544
940
883
814
599
516
172
70
455
954
170
209
40
643
83
970
251
840
20
882
90
15
489
238
848
826
521
376
84
566
803
757
728
819
394
135
320
665
130
559
532
777
243
348
754
940
517
339
692
985
419
11
829
360
839
880
758
920
678
991
709
146
83
760
722
348
301
128
271
522
898
921
891
693
145
100
532
549
436
42
495
181
242
660
423
106
663
971
399
861
540
663
214
461
622
725
178
49
222
434
505
998
85
897
746
473
510
480
161
336
612
245
326
591
232
303
248
397
287
779
381
633
166
858
259
949
512
388
232
316
518
217
402
807
653
82
539
948
154
326
808
102
262
218
72
191
12
883
919
15
157
319
120
596
236
74
345
511
658
784
948
419
441
608
408
777
345
588
864
928
659
126
210
295
697
498
107
853
749
982
571
634
184
204
96
41
771
764
483
281
682
452
746
80
115
170
739
251
41
37
263
391
643
300
243
423
555
845
150
727
595
120
714
717
39
595
478
260
105
58
900
139
466
400
380
206
220
56
393
31
343
664
592
705
382
214
682
54
299
785
984
413
487
675
529
519
654
374
249
608
64
333
909
111
514
657
194
151
560
97
669
350
197
983
766
717
444
110
415
870
861
25
591
331
510
941
773
722
990
655
398
139
313
106
15
701
556
629
427
429
788
613
576
620
477
229
686
565
12
336
413
322
841