421
610
931
624
833
387
75
421
618
375
727
104
439
409
436
603
652
373
936
702
152
453
366
475
620
721
622
990
21
968
971
151
708
875
953
852
609
733
121
30
128
411
300
212
941
946
576
888
503
491
926
495
14
503
823
451
430
654
929
201
878
807
251
767
492
917
325
794
826
222
164
1000
645
106
165
395
218
23
187
936
447
731
233
343
777
295
837
824
11
517
491
123
548
818
342
201
461
454
772
483
289
567
262
776
227
126
732
628
833
263
750
931
773
748
46
812
328
128
688
251
366
191
682
467
779
650
102
157
229
717
808
400
448
66
715
599
685
995
255
131
670
476
802
363
557
603
863
897
104
181
887
201
623
868
466
704
15
335
269
912
786
842
214
637
73
470
138
187
129
836
198
915
269
437
296
502
775
904
329
922
597
97
656
282
683
384
378
828
427
255
183
288
476
363
751
505
729
223
511
605
373
633
93
903
468
856
83
900
349
729
283
941
721
121
517
198
610
427
634
377
273
274
790
344
845
601
116
922
776
437
222
766
906
298
515
685
659
243
532
487
871
877
404
11
580
660
863
754
99
174
200
951
65
919
585
920
856
394
68
909
80
404
261
458
881
245
650
367
928
89
459
811
584
949
564
557
55
944
709
958
517
131
152
298
171
729
33
139
68
949
255
408
229
974
853
426
898
640
437
191
851
184
193
516
822
869
897
906
953
90
869
410
371
907
201
227
983
855
161
422
897
640
345
426
654
42
394
596
77
39
322
244
546
247
411
109
188
729
572
527
688
53
118
163
72
481
747
861
67
293
258
169
279
327
542
998
214
744
343
703
887
699
309
388
793
184
379
36
903
796
218
862
968
195
12
161
698
255
809
303
551
966
612
790
510
746
928
199
913
282
353
468
635
453
612
988
429
769
192
842
33
650
207
130
71
504
184
473
814
213
878
25
831
188
712
476
911
97
624
618
39
336
160
656
813
868
530
653
633
94
938
681
814
823
419
675
2
5
806
742
466
245
908
339
930
787
1000
57
934
339
272
433
509
918
829
986
305
437
60
83
216
434
476
383
122
239
1
468
978
118
271
402
984
958
205
639
573
999
200
974
457
509
692
892
70
742
26
314
623
515
125
328
209
326
426
210
729
577
419
674
859
196
156
258
203
198
26
608
814
890
235
615
408
921
189
410
110
27
160
51
459
790
897
750
115
850
748
144
557
891
900
18
873
44
45
977
769
990
440
36
821
176
912
143
227
550
794
584
859
806
549
612
469
299
658
206
760
419
904
537
619
604
402
201
352
818
567
303
90
842
553
964
941
820
737
399
403
501
949
401
540
224
502
832
574
476
674
741
425
367
100
224
792
423
346
506
906
223
397
296
218
676
99
471
771
461
365
79
577
600
350
88
437
262
573
602
838
724
720
928
170
705
627
195
514
608
524
894
296
161
644
49
569
296
85
780
745
729
884
114
983
363
850
478
40
370
801
888
724
514
872
901
574
639
88
134
603
31
285
212
560
398
383
530
285
246
420
90
30
524
515
385
907
233
627
544
520
930
54
653
134
564
712
150
773
571
611
894
383
247
199
764
121
689
634
220
736
243
693
678
271
915
543
354
801
47
840
447
160
891
815
3
401
528
579
159
432
50
618
754
732
896
989
744
990
332
182
934
69
391
1
557
835
24
420
159
118
149
741
531
589
826
4
762
883
696
105
8
592
383
931
567
753
391
255
551
92
53
256
15
440
932
906
168
293
543
623
257
802
493
833
350
868
673
885
68
20
422
835
799
392
177
444
396
490
930
181
572
301
446
921
367
287
240
530
909
266
456
4
78
220
978
444
951
377
225
266
987
670
598
206
113
424
415
34
192
152
156
515
929
758
357
640
83
196
684
817
543
551
583
997
592
862
61
187
595
223
640
931
690
632
138
193
858
821
578
130
195
444
598
625
55
820
560
687
476
609
856
553
188
566
648
947
984
875
162
45
604
222
702
450
457
784
356
436
401
839
861
193
900
86
525
990
321
95
398
974
745
791
859
476
962
799
549
244
236
34
319
40
842
247
498
59
51
269
454
219
301
707
296
466
508
543
828
700
923
869
624
811
198
968
833
225
744
273
906
469
488
711
778
173
622
206
952
853
606
350
833
852
594
936
534
234
58
749
704
88
389
218
78
590
447
74
802
347
130
913
596
639
261
222
432
246
879
770
166
966
638
150
499
119
951
216
558
62
273
673
100
732
937
470
329
117
873
724
190
823
746
795
167
792
459
785
411
764
976
440
309
511
41
8
834
664
704
246
102
149
646
207
99
688
505
285
912
1
911
128
388
821
489
403
981
584
885
146
205
289
219
125
503
132
641
489
179
757
426
985
143
695
290
913
843
58
24
463
911
134
365
446
274
815
45
914
337
199
946
733
149
923
127
704
501
115
886
943
807
239
598
195
239
415
958
180
19
319
779
134
907
584
936
308
580
551
570
478
622
143
168
202
362
746
810
748
759
550
663
151
972
576
675
431
105
160
822
368
423
363
201
672
534
383
898
86
278
182
773
326
244
81
882
739
315
702
739
433
785
312
473
110
19
316
775
464
329
688
673
59
919
909
149
102
38
113
778
56
912
695
146
614
328
94
291
991
601
216
949
493
825
971
572
843
208
480
368
931
527
697
429
661
396
438
150
865
338
550
573
936
199
744
621
294
569
830
209
976
49
955
146
614
873
506
940
192
267
311
320
124
181
105
886
355
498
52
811
883
303
131
443
933
501
747
379
660
714
254
449
507
540
233
774
56
808
352
454
577
625
945
458
65
897
467
101
585
296
685
884
855
905
862
240
914
20
464
122
809
806
587
367
576
937
671
918
328
813
580
959
440
913
377
169
166
826
429
761
682
951
967
998
769
487
656
153
189
360
171
926
106
365
398
77
334
93
167
969
155
154
178
777
342
162
723
119
399
575
867
402
417
118
44
908
925
340
812
85
20
617
504
691
590
463
241
625
672
443
348
99
198
930
221
629
302
117
41
737
970
593
406
527
176
961
68
467
680
65
720
896
136
29
394
978
991
950
863
505
493
984
346
659
245
474
588
569
532
101
623
54
958
923
890
467
952
743
627
720
544
67
115
133
272
206
518
55
386
628
347
558
642
540
804
783
573
843
866
255
48
963
462
485
21
653
171
262
864
801
901
572
365
270
186
488
804
938
580
531
305
379
212
579
906
601
54
535
349
738
148
315
439
962
802
62
947
706
534
155
895
394
489
874
846
853
809
531
781
937
310
179
333
354
156
694
140
59
508
773
357
809
801
973
527
112
203
764
432
515
894
847
983
305
692
248
881
606
24
675
906
468
171
804
376
547
429
55
587
572
736
79
558
846
434
586
443
690
281
109
326
898
112
777
935
880
563
697
716
9
818
388
762
152
853
509
109
809
525
34
334
468
852
910
819
435
848
68
260
894
290
353
981
90
546
248
840
807
633
688
620
812
626
152
274
599
239
187
759
288
520
623
928
589
714
895
351
293
6
470
995
970
936
968
214
675
324
896
252
414
918
684
952
132
466
530
584
194
892
978
519
226
36
821
785
230
854
148
451
475
934
729
418
304
750
762
512
196
216
644
331
645
576
612
891
115
376
904
163
327
645
796
190
469
822
19
368
620
83
854
298
325
84
386
67
434
64
480
353
712
712
553
389
997
429
490
238
827
430
377
577
487
688
82
416
694
381
767
399
178
177
355
664
447
259
432
369
625
216
776
531
356
296
367
253
312
170
539
768
802
546
329
358
572
866
501
315
498
137
538
406
279
943
335
770
510
558
315
89
3
600
984
761
212
709
828
409
18
505
429
470
310
712
215
54
525
3
295
662
80
246
575
230
806
541
82
402
864
0
393
977
180
996
333
546
31
51
234
808
203
848
512
784
637
451
997
290
150
227
595
436
29
13
386
184
128
23
887
974
214
265
225
440
174
399
846
66
712
936
912
501
17
976
435
880
277
720
771
650
731
964
313
977
449
957
783
264
94
552
753
23
391
722
553
310
691
811
90
168
674
173
878
552
142
989
586
70
956
775
84
401
396
205
870
246
734
725
181
869
187
898
994
188
119
745
961
439
356
738
211
153
779
339
928
424
974
3
552
486
33
161
947
735
50
185
325
139
308
39
938
849
16
402
814
368
435
616
958
451
389
983
758
254
431
968
580
269
417
648
679
767
804
255
765
472
893
190
124
859
431
992
457
617
568
467
301
684
533
213
422
673
107
507
355
348
251
655
296
649
19
837
424
620
533
636
288
833
576
707
457
728
61
567
231
102
857
612
23
144
802
923
575
255
799
334
715
398
194
414
349
3
305
572
55
830
6
513
438
493
283
508
380
376
448
316
206
62
630
452
759
546
979
421
738
295
43
697
519
890
384
548
5
60
779
884
636
510
554
892
843
891
809
773
846
489
532
448
79
988
687
706
831
543
789
631
204
728
919
251
172
546
642
386
716
111
909
960
592
258
188
382
716
736
919
0
824
571
729
556
185
816
255
121
190
612
578
10
297
942
262
21
477
752
827
142
668
498
227
241
696
797
136
896
63
720
25
935
326
354
740
1000
629
992
454
715
249
709
320
449
341
633
136
252
455
10
147
675
20
141
536
238
632
852
149
453
762
285
954
798
548
21
842
162
265
732
97
36
531
366
898
926
168
154
735
890
553
988
607
605
501
398
330
284
998
731
237
580
181
303
698
339
182
359
818
714
46
864
335
169
227
384
75
310
320
680
842
913
56
641
431
370
703
500
921
712
223
253
680
776
687
718
213
795
643
230
945
834
781
94
68
464
8
171
211
574
378
839
864
779
500
92
147
675
137
537
560
239
290
331
858
664
516
341
203
973
343
253
53
310
886
647
816
765
690
36
846
887
605
141
910
190
627
447
495
128
138
707
789
720
388
822
202
207
778
58
537
0
12
323
314
751
267
481
620
597
786
262
341
873
709
988
902
252
378
725
63
851
306
590
491
883
157
772
89
283
950
180
725
575
823
285
873
593
542
519
203
139
52
531
379
529
662
818
396
561
232
73
566
776
820
409
977
984
580
206
688
823
177
566
61
31
279
102
950
832
949
674
435
550
971
857
3
258
500
730
140
270
812
900
805
41
482
826
328
485
554
479
641
349
198
358
952
543
404
652
116
308
729
480
445
702
732
451
190
240
483
680
521
30
106
992
499
984
153
829
718
409
665
491
151
271
224
974
402
439
779
34
369
201
824
165
753
159
944
73
677
124
808
488
329
369
959
314
322
11
82
918
158
561
159
591
152
488
608
385
971
190
395
946
203
379
174
470
998
957
957
379
343
820
909
594
686
33
786
488
118
379
684
73
334
256
148
359
517
280
603
653
852
414
548
996
148
281
876
78
750
671
704
2
959
958
434
165
433
922
345
244
961
315
481
908
521
732
937
192
980
242
302
379
693
147
809
420
109
348
666
114
482
528
64
979
550
191
274
348
741
427
413
159
775
671
435
877
766
940
540
172
576
574
8
367
341
29
119
547
776
380
498
277
299
493
856
192
426
25
239
570
487
697
888
363
803
992
863
834
451
483
732
210
206
693
378
995
179
641
227
149
657
7
111
771
320
71
883
135
177
587
5
113
367
54
560
384
30
423
694
182
46
971
580
856
239
889
411
947
533
226
463
461
818
976
160
130
871
274
749
418
193
522
79
346
311
292
21
140
396
831
726
955
985
281
999
44
249
140
786
346
417
888
944
402
156
351
100
433
386
502
631
460
455
522
712
221
152
747
536
91
865
620
555
867
70
597
596
30
688
67
828
305
405
209
921
683
747
108
837
109
222
514
826
301
8
830
593
232
882
490
196
439
382
231
214
321
697
735
268
452
836
820
671
910
764
616
244
895
90
892
889
419
431
52
179
243
715
398
481
991
259
648
271
529
209
56
580
385
432
501
659
588
765
151
555
424
960
436
304
99
373
836
708
160
618
149
902
258
26
515
616
911
320
636
377
810
193
29
318
364
777
267
687
429
300
392
727
276
510
994
584
787
935
965
55
739
324
863
979
410
969
356
462
911
8
152
893
300
919
691
279
766
586
636
500
322
35
74
792
116
253
263
523
706
92
292
701
242
345
56
766
941
604
482
530
85
636
484
602
321
106
778
808
564
909
124
613
116
274
65
538
736
867
84
824
221
77
250
315
214
836
984
994
488
315
925
470
761
659
869
373
193
47
914
498
943
772
133
4
579
300
971
651
678
36
51
608
388
994
110
786
435
968
276
761
953
817
564
891
210
102
554
43
197
113
35
288
464
959
92
317
783
493
838
66
784
239
768
756
20
197
939
772
575
485
507
45
400
915
152
474
767
15
33
47
143
643
798
802
580
343
793
900
812
137
857
74
870
211
503
609
634
850
179
232
701
121
952
231
536
660
133
88
998
497
752
361
225
997
934
874
38
140
129
552
503
466
439
776
188
643
898
955
254
919
84
474
224
790
482
725
728
700
557
250
375
562
353
538
357
923
221
248
850
370
489
880
350
452
16
214
634
519
16
550
307
480
218
780
829
352
138
840
691
759
648
199
173
87
192
441
447
640
387
952
620
848
362
286
510
20
293
643
100
21
788
875
797
326
806
70
173
714
511
126
715
287
173
893
982
515
494
813
284
661
309
591
682
222
360
975
238
576
199
890
985
393
113
49
506
935
74
888
254
621
740
10
152
551
311
963
503
212
120
264
44
827
796
823
582
968
11
317
836
921
238
674
902
33
365
237
693
882
994
795
971
243
114
67
520
780
397
934
211
114
67
132
368
229
698
965
904
531
220
683
553
599
96
51
797
751
56
628
659
820
726
310
782
968
718
886
99
640
943
373
699
294
581
670
203
831
330
908
399
759
613
880
638
88
545
247
919
199
455
201
314
975
723
574
50
965
243
553
353
171
752
156
953
846
224
649
221
647
318
455
271
413
243
98
734
985
103
87
618
124
410
452
469
307
40
665
214
185
33
627
87
455
168
72
545
829
623
815
781
26
889
845
542
953
705
722
793
244
266
882
686
974
883
732
939
500
192
830
94
713
947
831
79
659
628
290
465
27
869
717
502
28
251
871
983
237
494
604
456
299
583
16
16
168
733
659
318
878
860
905
558
295
889
318
600
456
276
118
740
978
463
835
622
859
273
960
235
112
39
63
226
693
718
48
232
90
303
198
359
235
719
25
423
210
113
415
847
135
692
665
141
876
60
689
877
499
732
930
262
599
209
488
959
641
324
341
260
9
554
518
723
103
884
504
320
733
0
20
662
657
272
23
509
584
755
919
150
86
982
6
983
835
613
912
683
306
222
576
190
22
617
886
561
824
368
825
733
164
663
761
779
307
394
557
30
438
516
956
524
589
282
359
509
502
627
787
378
409
596
488
3
756
206
192
461
808
431
294
800
24
111
66
137
479
600
154
460
42
189
740
125
361
163
508
93
469
454
775
318
199
233
200
705
54
424
176
222
726
9
826
331
281
976
482
383
32
125
194
307
77
737
260
308
475
149
997
989
193
288
991
938
591
192
703
481
272
492
797
940
347
267
412
185
920
114
285
675
285
318
77
366
995
314
78
837
304
98
674
266
690
479
43
417
668
936
995
575
109
184
310
576
929
495
596
141
677
878
551
749
515
565
583
568
337
158
74
21
842
540
86
757
529
790
646
690
474
178
406
255
277
4
524
957
603
267
289
927
333
45
827
844
127
450
93
267
12
421
921
64
790
714
450
780
807
625
348
422
724
748
464
225
366
665
900
484
574
616
751
354
377
909
956
451
535
87
487
973
694
531
991
217
544
912
453
383
73
402
636
30
386
97
779
668
321
577
987
410
42
179
607
379
738
751
280
184
346
834
109
553
806
936
978
395
65
835
550
266
31
540
830
497
627
168
406
209
584
751
635
266
841
496
95
310
572
371
168
721
725
985
155
237
727
209
782
323
278
117
591
372
82
338
20
548
994
279
490
521
132
907
697
336
508
475
561
755
415
315
781
637
444
903
432
539
367
740
449
862
901
917
516
798
743
473
913
679
669
96
451
970
943
590
896
559
43
440
461
60
96
92
505
838
845
344
590
118
6
828
390
733
75
975
159
303
4
483
692
916
143
617
554
613
910
891
174
259
108
857
248
509
494
427
683
193
373
500
708
414
174
692
471
69
969
607
766
536
258
482
710
965
940
848
75
923
662
984
685
658
548
236
550
817
913
423
980
323
275
744
218
282
23
994
998
938
403
374
812
836
505
529
686
243
203
957
149
502
701
619
686
319
734
968
294
992
562
613
349
478
65
673
17
927
61
405
511
298
229
973
668
142
925
373
313
217
416
454
249
452
402
470
876
285
612
149
275
515
758
693
538
855
690
585
789
73
731
879
99
234
446
299
274
887
467
199
771
889
64
148
758
423
493
794
933
149
17
928
99
598
222
287
773
940
365
506
880
171
121
559
517
170
912
177
994
290
496
411
440
433
845
36
795
932
368
158
925
16
209
362
965
253
865
12
59
351
161
592
929
657
18
364
477
670
636
87
687
856
458
949
338
11
155
752
305
1
225
302
39
602
48
318
721
394
25
772
284
400
980
263
931
619
370
881
346
96
251
173
210
721
633
437
118
477
712
234
532
791
790
350
956
956
411
93
103
886
409
893
66
346
746
537
432
435
230
751
416
811
668
933
824
673
933
996
627
151
129
624
791
729
75
774
179
732
347
586
704
363
399
711
827
815
143
685
239
610
737
57
737
543
81
427
741
223
668
386
173
56
666
434
682
651
116
386
323
51
506
9
721
340
808
311
803
245
831
119
169
620
755
626
164
322
946
153
61
935
242
785
679
206
388
848
525
415
407
220
802
247
212
295
340
481
981
227
693
158
753
787
590
710
550
671
102
583
766
105
944
616
397
910
44
790
896
551
146
989
69
181
965
60
932
641
253
847
548
745
991
671
215
807
877
558
771
772
756
304
365
27
693
432
622
697
926
616
158
570
638
773
380
905
5
929
249
307
84
570
527
231
437
125
442
385
458
293
261
494
451
966
216
160
853
178
950
911
916
933
142
185
781
817
707
730
298
335
527
944
345
453
428
788
899
63
74
122
263
40
775
410
385
336
931
284
739
644
309
462
203
756
417
815
28
28
266
258
654
25
443
261
488
344
739
103
733
82
318
733
370
95
737
869
682
817
299
116
104
648
972
886
693
24
644
629
966
830
274
577
170
363
518
907
465
678
31
209
320
757
57
333
244
790
400
892
669
708
966
90
304
838
393
335
1000
131
528
563
916
743
93
338
594
373
292
84
715
213
69
798
53
875
352
590
518
235
589
719
286
184
800
421
758
812
249
934
78
637
582
324
101
729
625
645
178
537
877
758
999
158
360
690
956
582
940
341
311
924
918
735
47
948
595
101
31
460
900
389
783
167
504
610
972
206
874
101
563
657
223
450
651
723
516
904
196
264
197
483
430
828
695
516
507
247
735
275
870
320
361
864
404
968
400
775
13
871
260
609
349
121
868
377
366
434
633
141
951
656
145
29
143
206
52
540
977
388
353
832
623
28
943
686
348
620
855
983
189
115
622
246
181
270
899
291
8
962
512
345
875
495
646
271
653
512
863
223
443
508
555
436
305
632
739
286
671
366
628
762
132
229
31
456
413
555
248
573
886
671
75
730
240
379
94
40
176
533
552
767
224
793
275
957
164
202
262
884
613
655
708
779
464
709
101
432
175
121
408
192
656
453
429
605
247
697
565
912
744
412
42
32
388
231
683
497
22
918
845
243
755
741
301
793
822
876
274
352
283
650
520
995
27
576
192
810
582
800
494
423
573
442
980
149
816
383
312
194
496
242
997
893
642
966
767
679
61
716
942
691
518
872
166
387
302
780
246
322
609
409
186
996
819
589
48
457
404
412
864
647
944
287
521
761
659
932
371
658
729
654
326
485
329
156
337
6
643
254
661
482
542
508
423
817
664
896
216
601
539
3
93
962
572
275
202
256
319
383
563
650
189
953
194
15
188
995
952
777
111
728
364
972
469
865
979
609
76
780
163
914
164
732
523
145
205
261
584
987
499
660
119
488
521
180
985
319
487
147
54
955
625
637
454
892
14
625
27
943
196
421
655
332
66
896
977
500
77
127
247
366
470
798
313
221
20
846
786
893
998
828
205
698
198
600
128
81
155
684
742
418
16
57
146
915
825
534
214
413
503
576
617
89
148
552
255
77
171
312
62
128
908
951
616
419
640
382
818
334
500
930
695
797
712
53
8
119
858
239
327
791
790
776
27
485
439
834
129
530
899
630
557
496
442
650
583
769
365
34
58
643
241
204
496
261
910
72
889
992
899
744
263
307
120
166
327
12
579
484
214
737
329
494
342
115
828
331
222
248
367
605
473
81
225
713
752
690
980
746
599
908
152
548
770
372
665
600
745
6
96
80
519
588
944
231
280
738
824
865
234
853
305
597
115
113
230
197
653
343
112
289
790
787
75
491
913
53
96
265
227
983
42
885
408
580
329
969
136
532
989
543
453
593
758
356
50
645
304
101
437
644
689
24
132
98
923
201
775
462
958
985
500
161
386
332
147
402
74
66
905
153
476
834
241
252
95
615
997
334
490
440
270
595
143
414
821
90
10
650
168
879
722
908
264
504
840
936
914
278
407
683
277
220
344
447
224
840
256
185
686
583
730
475
366
191
684
129
531
493
2
553
451
940
982
639
926
619
41
722
981
82
799
775
779
250
322
715
151
465
674
981
562
577
47
973
529
421
880
794
42
214
877
643
434
793
89
558
141
263
685
79
231
418
267
85
766
546
157
910
372
256
196
969
121
17
295
745
597
769
82
670
459
32
69
244
690
389
667
146
61
561
731
114
514
26
634
642
501
955
64
119
428
904
177
385
86
392
277
840
161
300
141
452
332
947
662
2
9
235
488
915
883
188
381
852
152
553
934
559
477
874
51
1
591
988
458
96
803
438
129
600
31
584
159
359
21
72
977
708
257
63
337
651
609
723
169
513
880
246
756
61
334
307
680
190
419
219
109
264
843
585
368
370
751
303
217
584
201
675
592
486
670
880
989
283
730
707
738
892
330
588
96
474
455
168
120
178
723
222
149
439
929
364
264
559
932
809
377
657
200
364
386
790
941
561
694
697
179
428
134
197
125
454
490
900
757
998
528
691
95
397
73
252
463
42
309
665
280
590
7
175
138
118
965
610
978
106
118
295
86
458
442
305
343
544
333
236
280
782
517
442
494
301
510
415
914
50
767
988
663
201
764
182
652
46
645
487
445
326
821
963
110
426
218
469
336
602
443
919
490
394
924
945
818
818
174
133
845
834
176
946
452
342
318
134
997
780
317
826
923
594
908
758
114
834
212
283
486
208
770
769
707
147
56
51
807
952
982
295
629
916
24
719
541
619
760
989
972
298
735
520
12
159
879
645
316
132
113
31
827
127
763
30
747
570
722
2
264
715
748
724
587
588
430
647
614
490
489
305
722
212
253
833
666
134
720
901
985
165
197
322
915
905
825
827
804
321
935
74
447
252
89
945
352
469
678
546
186
250
589
975
63
8
111
661
504
808
276
703
343
424
637
515
512
291
301
49
997
342
508
180
56
613
302
791
123
707
838
427
566
705
166
269
343
809
157
208
17
115
611
1000
591
299
728
664
491
233
766
207
248
76
657
28
865
799
567
945
638
403
399
705
182
231
656
262
202
74
72
220
519
690
111
223
279
844
302
50
686
309
644
699
450
251
805
510
850
29
824
523
322
349
124
156
840
298
533
356
782
195
488
295
520
29
561
776
824
692
285
770
624
863
706
501
268
70
224
902
549
600
756
33
741
770
437
268
520
165
497
167
725
597
72
839
23
853
826
818
890
1000
876
25
539
82
424
487
576
545
258
217
169
355
342
988
33
892
229
908
651
44
225
511
348
62
651
612
138
578
251
542
440
342
170
236
223
914
605
114
951
378
905
10
760
626
178
419
648
894
979
799
507
48
225
878
755
989
367
181
887
299
100
766
628
488
422
974
776
878
284
489
549
834
218
593
823
694
275
779
142
487
739
25
320
24
578
58
296
260
285
631
754
780
785
898
523
991
687
355
493
900
124
503
470
398
392
22
425
799
45
719
235
243
132
674
218
805
828
122
349
509
735
126
144
702
813
996
146
328
279
976
278
39
34
618
197
73
364
146
205
616
630
23
255
80
454
859
644
810
629
109
462
567
696
695
5
406
418
577
336
3
581
922
968
266
300
97
187
916
154
374
778
288
353
72
169
942
669
389
669
912
551
314
147
331
867
163
205
950
507
703
366
519
381
458
193
978
420
988
458
512
877
579
591
489
86
547
713
565
900
256
610
26
100
326
880
235
502
571
91
347
704
919
391
482
89
56
1000
259
971
429
1000
997
459
218
30
99
737
719
246
620
62
587
490
377
49
640
471
925
397
371
257
416
499
859
996
814
868
108
378
371
191
307
686
358
81
565
651
305
533
921
593
673
211
423
628
960
149
349
709
180
489
781
624
753
43
668
293
882
242
37
761
663
544
792
817
244
697
32
46
384
85
377
480
369
87
999
919
959
125
47
724
64
794
101
927
696
556
628
98
930
577
400
330
528
622
857
296
636
887
237
9
788
276
220
342
950
952
586
400
575
838
9
705
626
614
640
545
575
945
229
612
917
263
631
201
555
543
205
717
349
958
968
851
98
903
872
531
630
172
799
66
706
627
430
39
617
347
792
494
83
346
57
14
754
479
865
510
570
399
550
346
436
812
534
835
514
72
202
466
426
694
729
31
693
801
594
16
629
660
800
912
877
887
181
60
902
396
732
509
758
44
966
941
593
531
203
200
397
347
436
842
140
508
386
641
617
393
492
720
390
754
409
85
784
117
202
287
282
857
882
933
435
787
387
517
547
773
368
579
939
461
434
586
525
78
929
128
575
145
707
673
825
636
751
529
36
777
642
45
950
733
380
973
961
78
637
36
29
979
965
77
918
644
365
126
631
845
244
35
630
391
653
475
308
3
245
653
196
560
816
76
877
848
463
248
641
558
912
383
291
309
852
365
590
664
554
34
28
388
493
595
124
849
47
117
323
560
941
598
380
821
966
745
679
365
26
763
771
595
134
683
617
485
827
462
717
885
749
134
682
886
461
627
454
300
865
689
961
44
344
402
653
87
564
947
437
801
143
772
915
360
647
165
559
888
5
715
253
426
401
742
353
362
582
712
263
963
967
356
316
347
995
748
498
52
86
446
710
49
738
455
650
484
800
201
154
879
33
808
747
317
747
935
756
498
239
97
875
224
963
317
393
956
740
931
370
399
226
810
787
916
863
534
160
971
414
252
699
974
24
190
524
444
996
773
354
212
943
170
460
345
83
742
658
539
379
874
780
704
189
705
528
98
416
693
252
839
198
725
929
830
532
414
923
269
110
768
234
769
70
99
367
628
342
498
321
205
566
715
134
201
206
792
185
644
922
817
222
859
513
578
529
371
51
736
234
331
417
778
952
266
706
290
375
13
232
208
47
878
262
896
760
182
919
564
518
840
128
539
908
868
705
153
315
752
162
917
739
364
508
965
836
991
386
905
635
817
726
11
7
644
311
926
930
307
837
879
828
419
508
664
75
585
904
657
920
446
562
488
22
142
213
273
639
576
300
983
719
851
324
562
451
525
498
26
339
176
889
874
96
657
253
144
216
89
280
524
339
435
8
54
965
85
287
269
987
662
861
687
191
202
446
86
764
900
56
676
687
304
857
124
396
952
899
345
755
912
254
240
270
266
500
944
323
454
666
636
580
608
213
224
763
633
58
481
571
71
394
592
532
479
431
960
656
206
877
555
607
519
982
1
990
468
781
564
573
762
253
106
396
974
486
25
472
615
869
377
89
215
91
989
867
683
178
159
391
689
550
460
540
995
93
984
337
716
870
252
587
294
371
493
948
501
637
740
503
141
612
196
422
417
239
812
668
28
516
652
424
617
661
363
239
897
228
892
792
481
246
119
758
978
699
637
121
990
227
922
0
776
321
397
809
578
58
28
346
987
958
568
413
864
478
293
455
233
886
846
604
876
209
18
272
493
239
612
587
230
996
272
767
271
465
293
588
778
760
634
306
352
395
199
525
186
865
713
924
294
50
419
316
778
755
156
193
527
40
730
862
66
982
974
974
396
261
988
538
919
70
235
842
816
56
992
340
227
842
799
698
102
329
470
675
374
281
867
358
811
154
934
855
964
152
603
409
974
735
576
48
577
220
810
316
600
704
405
782
53
106
544
705
760
183
636
481
348
154
78
451
288
589
676
480
89
86
932
969
167
78
461
369
944
879
945
588
741
574
944
46
916
497
460
537
752
568
837
950
948
934
135
823
989
685
818
847
31
856
35
718
130
791
642
787
401
634
81
656
66
750
911
875
181
695
577
452
854
212
148
438
121
245
159
206
707
398
786
982
234
307
896
1
728
446
263
409
49
295
914
593
89
784
109
388
905
610
737
594
806
275
873
966
671
967
253
823
143
751
511
172
400
413
40
612
364
331
994
198
891
345
580
578
20
627
697
904
576
780
422
63
22
684
601
397
717
68
340
813
691
924
491
460
392
826
254
458
50
558
278
224
5
446
858
418
591
336
751
711
674
222
78
169
46
104
852
596
569
123
587
252
669
898
652
168
756
107
880
665
298
193
927
729
135
228
903
336
158
287
682
912
372
294
795
197
58
640
363
786
457
95
871
32
962
252
508
904
377
264
283
8
96
147
619
409
831
438
839
945
390
892
6
637
120
166
985
553
854
875
885
888
769
445
248
267
274
300
588
315
885
924
437
38
273
757
14
135
283
368
615
18
956
344
41
90
848
111
521
405
901
823
24
974
595
111
963
952
478
150
295
326
52
677
392
724
221
99
68
866
197
248
836
44
780
919
160
602
267
721
671
20
533
204
846
611
729
793
279
411
938
42
849
764
254
739
402
137
999
167
792
907
650
265
260
175
160
999
242
561
919
654
256
476
205
169
283
655
291
631
839
172
285
70
907
508
974
15
39
271
316
961
409
694
169
530
849
770
171
374
683
302
836
967
326
145
2
727
671
949
775
275
426
623
794
863
211
810
610
580
282
289
842
325
822
992
152
783
789
894
411
49
6
609
110
78
763
641
866
551
894
188
316
590
873
944
536
413
777
157
228
206
965
910
613
35
395
909
718
100
510
665
657
412
423
482
10
970
945
253
577
135
694
698
950
877
208
961
275
403
576
271
822
653
479
914
275
576
843
473
286
378
72
772
75
615
154
814
342
348
418
813
359
300
605
477
895
217
168
734
979
420
332
890
440
123
404
141
176
626
197
388
200
572
759
986
928
36
321
320
539
797
885
546
327
83
130
241
365
252
218
648
436
527
734
784
170
142
485
847
539
915
283
819
49
836
42
630
645
160
205
697
73
946
390
252
638
728
540
859
500
963
660
798
244
917
942
775
642
894
674
851
152
835
249
735
910
438
693
458
960
94
761
978
851
344
596
371
78
214
303
912
23
52
249
354
722
190
349
665
722
777
980
658
991
378
491
901
498
885
568
548
772
391
304
478
104
886
404
391
606
928
612
484
729
984
428
954
55
307
762
768
24
41
628
332
997
614
620
752
249
461
960
837
218
293
40
41
30
630
981
160
428
297
477
144
615
660
326
223
623
261
794
365
975
617
744
572
269
387
447
129
507
459
288
307
441
606
552
79
388
642
142
434
93
406
793
441
153
385
615
205
485
88
417
419
208
778
858
224
362
982
522
101
503
437
675
525
112
369
681
446
976
852
509
350
273
141
461
942
598
421
707
588
715
607
518
165
53
925
848
410
593
608
113
548
848
486
370
135
161
913
482
812
360
652
805
35
760
485
220
447
623
988
908
109
145
670
395
291
365
457
285
922
209
547
809
703
940
96
750
114
370
304
216
859
732
286
162
981
513
413
807
855
751
709
790
49
981
559
385
176
39
168
815
146
345
277
584
592
785
133
734
590
778
661
752
307
321
320
420
811
325
596
204
405
631
658
386
886
638
569
462
633
661
76
479
395
499
678
915
659
929
901
560
864
21
623
29
630
59
308
648
524
542
540
915
154
925
842
772
85
554
656
957
582
948
267
580
525
509
968
703
606
365
15
667
558
965
924
997
926
840
610
494
895
335
78
718
717
471
726
533
213
161
344
330
772
761
366
934
412
373
562
614
582
26
964
990
881
738
343
860
11
131
730
528
503
812
155
812
445
89
643
170
398
386
985
265
677
966
940
781
556
880
93
98
477
394
444
263
764
88
297
611
73
948
204
248
748
158
505
716
30
991
937
524
267
185
779
829
982
762
69
108
925
545
348
854
742
353
699
71
953
491
149
275
854
987
621
891
15
182
547
165
299
740
979
184
150
861
913
450
623
164
326
698
695
862
671
286
382
978
836
909
749
59
381
642
329
81
6
889
664
371
24
477
667
131
207
519
313
968
197
473
809
69
377
322
563
379
167
698
297
749
943
873
374
889
558
383
601
680
344
999
970
703
260
971
570
614
147
74
555
820
382
668
823
459
578
336
659
601
785
582
514
455
631
929
306
164
705
53
557
624
717
850
767
88
59
734
877
182
508
939
179
713
372
619
732
720
936
168
535
378
654
867
744
112
585
519
373
523
899
512
47
499
569
783
967
948
692
85
249
178
11
62
218
24
689
197
629
552
635
3
318
262
97
347
802
962
705
438
956
737
490
109
527
23
80
705
883
148
565
838
454
318
425
316
986
669
122
627
410
468
318
575
998
860
947
124
81
83
868
52
839
33
608
431
433
35
998
592
483
308
892
853
778
110
827
113
514
651
363
689
118
323
518
923
421
129
282
438
926
930
50
821
790
537
63
305
737
175
173
875
51
272
208
205
524
317
102
262
535
426
865
342
876
931
258
77
791
129
91
277
885
239
987
561
141
518
835
180
103
511
168
737
613
85
620
718
528
328
257
498
725
523
830
883
114
409
132
61
450
104
363
51
504
625
858
686
404
205
423
11
596
901
517
171
563
267
739
207
859
777
798
450
873
653
96
571
129
107
601
745
63
868
532
401
79
931
962
877
77
39
541
370
100
390
563
218
641
232
47
573
394
257
555
731
659
559
479
22
724
390
971
603
269
366
160
300
701
653
85
134
855
25
227
685
831
823
891
597
540
93
999
38
245
188
835
836
902
333
96
403
329
645
642
356
649
732
233
698
666
379
638
670
856
374
661
918
10
557
249
661
317
51
85
888
724
623
646
331
21
619
762
561
762
813
9
897
684
263
411
567
693
379
807
585
636
321
603
533
633
886
507
456
496
462
905
561
751
696
355
31
779
774
931
40
686
260
536
334
272
750
564
774
33
848
230
468
888
936
124
692
418
210
539
332
791
255
614
722
285
51
611
102
371
728
491
375
107
287
545
432
735
929
427
376
865
618
737
23
404
732
678
974
160
320
934
728
301
634
711
288
41
280
985
107
26
900
204
536
898
22
158
633
4
51
146
808
261
139
884
899
303
889
140
215
778
623
251
923
980
120
442
745
657
375
223
866
830
48
460
522
655
749
79
78
944
919
709
312
74
253
774
305
836
360
173
444
571
507
826
495
997
172
437
507
524
866
573
123
944
691
818
668
530
214
197
903
247
78
82
787
285
630
609
33
400
134
901
983
47
871
100
985
418
675
827
101
99
733
212
672
474
741
90
754
3
248
618
274
470
382
801
879
174
120
332
153
302
549
117
585
601
865
552
34
223
806
851
309
717
199
930
354
713
137
542
871
826
949
255
929
347
962
512
905
719
976
526
949
405
512
512
602
413
453
405
433
485
416
417
592
484
628
837
719
651
92
656
398
151
791
481
423
216
920
877
761
885
865
506
584
318
773
242
768
94
424
28
207
954
440
770
781
114
516
475
194
462
982
76
941
647
560
851
507
480
830
539
560
483
68
623
465
360
238
704
31
501
42
878
152
915
775
761
553
411
537
877
880
280
196
141
502
340
270
86
245
736
675
811
362
680
845
562
608
971
991
47
680
700
305
958
748
137
574
982
964
831
165
181
453
916
655
809
979
713
596
740
322
913
198
881
864
148
436
371
702
27
56
132
937
195
538
282
253
535
762
869
124
679
907
824
435
461
534
408
693
19
376
398
869
630
545
564
996
745
555
688
701
163
264
994
678
100
404
40
622
586
299
900
631
96
78
125
874
226
478
514
190
230
290
409
915
587
778
908
429
705
328
164
483
219
789
196
239
439
628
601
888
930
521
356
39
207
630
255
311
497
898
20
357
813
186
857
145
608
88
430
931
428
527
988
72
989
164
497
302
857
818
957
70
512
92
907
106
131
611
895
142
121
511
669
170
302
626
630
195
435
559
945
211
172
11
492
877
125
230
346
241
863
423
270
516
524
882
987
321
386
892
715
843
56
309
436
223
586
104
735
363
442
235
454
721
97
116
32
4
888
296
573
777
41
975
530
581
803
55
620
183
502
927
559
303
233
732
991
604
1
205
43
154
797
686
258
429
350
547
358
627
907
264
696
848
918
703
160
131
425
718
962
150
886
632
369
909
386
371
498
576
371
26
77
129
725
793
828
394
82
647
459
221
627
720
779
326
530
392
718
836
185
686
611
620
263
500
359
786
382
295
986
939
403
919
976
465
84
887
427
123
427
2
750
128
446
342
70
988
594
416
827
502
565
396
440
616
406
662
115
650
829
632
555
763
260
544
771
285
287
42
597
687
987
213
285
725
307
913
69
316
772
203
582
985
716
390
264
994
988
295
554
276
170
425
313
544
47
9
671
388
191
350
919
765
532
912
398
194
507
258
90
470
136
189
23
64
970
999
878
415
117
138
990
469
316
999
243
191
865
254
163
842
200
784
863
297
646
479
954
512
221
491
691
915
794
996
150
589
560
598
414
130
244
794
339
673
523
632
189
203
714
97
579
966
264
215
435
817
265
564
54
411
221
827
852
924
548
754
239
292
822
387
304
785
363
367
703
1000
795
213
649
827
406
140
371
433
769
826
532
561
509
129
52
916
766
64
329
456
696
249
372
243
966
801
406
1
253
291
758
254
348
617
89
89
726
783
275
897
459
213
827
655
519
359
595
630
665
973
654
738
78
204
195
489
349
297
791
541
165
855
666
474
388
225
646
581
308
1
853
187
952
212
675
243
816
423
736
197
984
930
968
45
306
136
130
208
931
760
948
614
208
581
242
8
290
285
838
263
416
40
564
344
576
546
171
970
911
672
616
686
662
646
225
790
612
776
628
191
882
944
887
841
384
303
562
973
546
365
794
51
162
320
460
876
124
255
41
996
911
216
394
33
577
534
814
517
709
304
788
364
606
919
482
23
367
325
470
503
413
174
987
955
581
437
555
915
146
796
213
989
530
613
69
450
640
149
959
740
333
80
490
620
747
716
662
688
781
811
670
781
706
235
348
489
947
352
517
282
359
17
174
576
679
272
696
900
391
13
497
873
425
54
111
554
317
841
44
823
48
738
903
756
527
108
93
692
23
433
755
402
379
193
516
204
123
682
226
418
253
663
116
554
552
148
450
910
838
837
621
335
587
9
8
471
920
534
604
589
217
910
776
928
519
31
285
725
986
27
223
260
168
933
767
609
547
131
479
698
497
184
429
161
942
606
363
418
143
572
115
742
752
535
391
304
863
315
826
579
485
125
777
355
18
928
324
166
463
923
756
197
187
570
213
750
294
634
387
6
728
765
492
248
78
213
205
355
301
25
875
837
440
666
114
952
469
264
666
341
596
464
588
509
543
352
390
700
113
417
55
788
775
949
848
759
43
623
54
275
926
751
696
674
899
276
672
467
173
387
545
771
961
147
821
199
402
542
375
643
610
334
979
917
327
667
715
710
655
499
661
306
24
938
38
289
746
978
439
738
423
898
797
243
596
907
646
364
232
837
435
566
854
326
149
974
756
931
520
83
894
130
812
560
744
606
449
582
623
620
356
331
382
249
549
904
262
651
881
121
211
60
572
417
147
705
378
199
640
424
0
841
388
295
813
627
620
508
302
823
608
138
695
779
124
123
838
701
387
848
953
218
165
914
915
973
576
583
509
365
16
761
624
15
561
895
545
629
338
975
590
368
637
480
392
197
173
499
656
40
820
214
860
586
229
314
686
708
649
385
672
251
768
644
484
699
771
56
157
206
365
674
635
174
636
579
237
733
256
261
6
234
215
439
849
252
150
924
856
458
796
147
499
400
52
403
978
454
821
597
183
467
677
113
400
924
367
200
663
268
395
644
174
311
27
666
511
756
499
225
900
833
801
767
105
141
472
506
755
167
30
746
444
333
673
443
5
860
663
139
612
864
721
959
329
340
470
631
623
825
491
493
413
250
909
416
455
957
320
957
475
21
626
278
637
946
923
36
609
283
203
253
651
219
963
227
306
892
163
385
821
298
113
158
467
362
574
199
172
228
116
54
300
596
821
894
602
379
30
782
717
363
908
901
894
998
511
575
579
98
42
802
274
929
916
750
195
621
348
75
293
630
965
862
69
55
302
303
739
915
598
430
862
598
981
889
261
377
326
332
665
131
70
565
893
156
903
691
285
577
639
719
253
109
701
543
754
29
963
121
965
278
823
954
129
268
608
20
786
374
927
177
567
324
649
14
716
906
781
148
825
171
611
831
433
485
982
901
607
224
876
855
682
448
817
234
91
443
248
211
699
153
578
363
167
148
260
533
668
966
113
407
697
751
351
662
112
796
556
329
556
456
242
916
834
956
807
130
33
345
534
297
597
19
914
156
297
435
788
290
994
846
316
262
43
192
988
329
106
719
491
484
778
138
490
67
206
813
546
839
366
238
449
798
41
57
599
854
776
74
930
563
937
534
518
811
959
57
328
681
464
390
190
320
651
21
418
985
693
896
87
336
914
745
383
884
600
518
416
678
239
185
77
629
86
292
705
212
368
439
80
778
77
424
871
580
126
445
563
965
26
795
938
547
714
95
723
862
55
329
806
952
127
756
470
415
108
500
720
842
70
19
35
199
653
959
265
484
187
304
910
896
907
451
551
123
62
19
982
269
764
427
437
551
885
978
946
329
167
206
571
587
979
352
372
9
613
791
375
533
984
248
749
910
550
998
673
335
661
869
377
280
721
519
346
628
334
580
639
798
890
965
986
575
291
599
103
262
350
20
868
63
188
32
454
76
721
468
228
316
431
180
945
357
812
776
45
62
642
582
704
915
872
737
796
674
554
645
261
99
972
935
719
822
344
872
735
233
92
629
840
925
605
236
901
51
683
387
595
388
263
142
253
253
851
18
806
978
713
20
721
352
655
564
809
13
570
836
743
491
389
316
950
477
765
165
742
350
877
461
408
975
989
356
868
937
50
593
778
208
150
697
886
157
799
306
213
734
931
301
339
740
26
167
455
43
640
733
530
790
948
99
372
573
765
489
413
480
880
380
772
843
500
180
41
512
140
12
672
845
407
347
852
383
452
967
241
848
119
750
905
686
364
21
587
532
647
5
222
527
880
394
746
964
328
689
420
831
627
254
968
277
906
395
862
106
583
799
910
447
75
404
91
179
556
236
988
544
555
141
29
224
704
508
744
961
958
556
823
884
932
46
181
214
210
750
974
192
349
140
75
731
831
570
274
325
885
96
239
569
178
868
596
245
423
943
914
534
686
988
103
226
733
63
6
338
453
545
561
611
356
337
321
488
733
605
481
258
317
185
813
709
613
304
673
586
388
688
364
647
970
655
961
494
283
891
555
989
43
681
437
368
879
445
377
338
121
107
995
499
529
21
379
15
775
54
100
639
194
478
862
244
432
719
245
871
202
832
541
917
920
212
412
445
249
88
527
53
668
639
34
263
980
28
377
279
93
690
241
762
879
126
499
375
776
870
176
331
695
368
4
345
106
779
559
511
26
848
301
806
897
637
230
886
254
531
32
356
268
490
13
173
894
773
284
902
327
68
153
381
669
465
803
912
924
840
431
5
45
684
278
773
12
479
767
996
65
226
593
981
175
689
993
817
561
142
695
57
478
15
246
357
379
984
62
761
649
813
222
97
660
176
835
882
350
298
437
70
97
64
991
773
250
550
842
575
28
480
838
822
342
117
257
436
439
268
693
387
215
123
406
245
258
300
752
950
841
865
108
258
638
120
284
86
776
614
855
948
222
702
870
51
160
130
391
835
331
81
561
387
462
539
950
234
438
574
627
519
74
92
827
822
214
783
312
891
17
149
154
141
334
157
295
635
39
657
980
777
466
780
108
484
223
42
891
145
509
979
453
273
311
731
125
210
581
239
204
701
534
921
815
327
108
582
11
486
976
59
696
288
534
792
837
137
763
288
615
905
151
356
202
77
469
867
908
692
623
155
486
599
155
673
983
816
920
156
169
415
446
607
643
408
749
84
591
44
842
825
625
78
168
967
982
487
840
795
757
7
698
446
89
990
255
987
740
63
291
657
790
763
76
981
37
619
334
832
284
394
676
415
284
792
977
90
655
802
549
30
817
393
164
71
696
609
170
955
764
883
249
432
519
903
395
530
455
467
401
233
393
167
735
321
489
404
691
787
842
175
258
105
844
765
316
275
734
632
333
275
304
429
448
318
736
689
470
943
454
995
937
548
927
719
919
506
602
268
166
426
380
184
161
332
230
385
729
802
428
555
833
8
760
285
971
970
593
660
932
665
989
304
92
328
571
836
773
899
439
842
401
492
516
367
29
138
571
906
64
948
444
698
828
465
490
422
771
839
778
126
946
681
430
121
630
303
986
76
521
517
990
413
57
167
207
917
333
597
37
574
950
446
517
915
959
740
91
517
150
973
495
881
938
265
784
421
966
898
515
450
183
744
786
313
6
841
104
410
799
960
937
596
991
751
948
929
986
871
138
31
541
386
302
786
993
185
41
418
559
378
470
997
833
601
899
600
963
659
213
749
197
419
682
794
273
891
542
318
505
300
405
528
591
173
812
125
719
10
6
880
421
345
589
240
981
754
255
675
360
85
928
988
104
223
856
428
443
539
878
442
377
106
739
868
70
380
842
476
190
885
621
379
247
969
784
337
116
748
583
165
666
264
868
835
4
787
801
386
234
986
860
795
607
913
249
826
498
895
78
955
287
459
440
681
968
806
342
27
388
811
536
423
250
358
12
508
320
117
600
253
924
61
225
175
813
774
723
498
633
674
641
292
31
582
979
18
980
543
523
85
699
635
276
447
462
160
134
643
82
123
260
179
273
931
342
10
275
839
159
412
87
296
500
513
198
734
106
702
61
272
387
92
471
879
235
845
852
680
282
397
424
671
945
906
718
420
299
440
762
47
45
720
337
39
189
418
235
666
925
511
976
355
500
204
212
338
571
189
76
606
236
86
186
720
49
913
280
659
918
631
368
453
897
542
82
945
514
194
848
403
980
666
162
132
614
974
582
551
172
150
806
678
251
880
834
280
530
32
822
152
546
869
234
634
641
712
234
792
441
256
340
656
554
790
598
173
974
93
243
816
57
46
271
840
99
127
258
194
847
220
903
190
318
502
289
116
644
417
100
758
774
435
787
582
153
390
4
25
808
567
378
521
276
453
89
408
585
240
301
781
410
963
743
381
982
703
968
939
87
36
517
305
830
354
559
349
745
129
121
923
890
590
845
598
761
568
464
201
958
80
753
646
659
883
756
21
297
935
686
493
1000
706
167
257
194
186
827
897
419
759
277
579
202
26
894
998
808
979
671
249
149
931
133
486
412
651
916
270
435
236
338
554
7
373
638
533
363
34
219
662
7
344
380
451
603
68
274
357
157
2
95
810
593
973
334
18
714
891
420
160
194
913
323
1
585
955
415
147
169
382
921
325
182
754
188
409
38
542
809
638
791
107
617
995
669
17
970
73
793
782
980
560
218
166
625
29
990
97
302
31
921
700
254
426
921
652
895
166
698
521
207
589
112
500
949
536
529
151
602
538
924
975
233
81
36
886
973
918
348
399
473
451
352
972
407
424
63
286
1
550
725
666
371
971
804
619
730
980
840
385
188
871
431
100
144
902
890
533
889
450
105
378
225
356
717
636
302
94
391
722
254
987
694
63
556
775
686
47
29
980
398
968
25
642
364
936
764
60
6
76
70
704
184
908
727
254
983
740
988
256
360
563
643
333
764
350
138
680
14
424
648
467
571
693
888
237
386
938
747
779
591
411
313
681
149
359
759
655
684
970
911
661
699
672
906
158
34
435
940
198
745
972
248
129
360
303
229
507
65
837
160
440
440
713
560
124
316
595
626
331
573
324
308
715
283
608
50
942
337
603
576
501
281
667
265
801
791
746
167
618
148
606
235
310
472
506
627
870
709
377
840
80
811
702
598
657
98
792
461
300
74
429
689
571
517
440
764
59
931
752
356
94
485
747
66
888
969
687
381
816
3
328
989
739
454
997
649
572
729
498
604
122
966
977
764
463
675
787
536
97
248
464
984
526
306
719
585
205
228
63
878
119
370
677
778
481
791
313
977
51
1000
286
834
812
680
480
305
821
922
388
428
925
72
292
71
933
148
723
389
142
288
787
321
376
639
819
391
383
70
345
630
395
754
4
786
489
374
362
174
843
149
850
814
435
138
175
80
465
17
64
290
819
596
677
847
95
725
737
686
161
574
219
47
632
788
128
282
472
355
457
829
749
673
446
544
735
706
770
661
588
64
32
131
490
21
184
633
125
146
62
409
437
244
120
211
939
480
928
100
913
516
666
465
854
627
230
728
290
443
139
51
531
42
25
472
256
432
714
388
710
351
151
914
951
603
260
565
354
143
131
793
340
573
688
423
248
367
611
483
362
474
405
454
518
446
192
295
366
753
968
251
235
320
252
797
362
781
944
829
311
633
367
984
345
895
186
184
63
402
728
778
594
774
526
339
361
123
913
796
288
746
622
178
653
445
856
418
983
712
447
562
583
569
328
660
705
188
706
906
781
221
691
804
538
789
546
680
543
432
651
706
317
445
235
353
757
551
41
688
750
659
408
241
293
31
999
570
453
795
504
735
852
616
508
640
613
667
972
381
428
913
164
893
896
34
364
700
400
299
472
399
562
347
204
211
634
834
16
497
258
697
166
885
696
713
686
457
484
323
885
138
475
43
666
961
328
731
338
845
639
625
370
398
91
370
526
864
389
73
382
234
701
662
583
745
816
576
478
982
259
752
18
802
792
909
144
938
636
756
983
382
383
509
250
47
844
666
316
944
245
791
910
718
755
931
549
741
626
897
935
32
706
901
611
315
468
995
847
428
827
391
490
220
117
632
703
131
528
64
795
947
154
921
814
824
765
704
517
929
216
924
619
94
389
668
308
146
372
663
396
123
741
342
700
80
52
168
887
267
51
402
734
467
519
829
743
662
765
856
450
121
286
484
606
201
7
820
408
52
585
536
346
910
686
617
150
970
593
876
508
620
424
265
549
495
367
381
648
245
627
235
396
594
50
113
647
51
546
150
256
553
370
107
479
536
709
461
693
766
32
279
269
924
441
436
421
252
858
101
311
921
224
594
202
468
96
693
715
389
406
683
648
531
785
668
352
417
174
280
131
637
371
680
275
280
391
904
409
443
103
479
260
960
905
152
350
362
579
585
158
881
148
106
228
364
248
314
472
856
633
621
360
187
780
895
877
651
815
262
641
214
97
249
725
420
352
749
166
455
210
466
20
417
641
959
311
994
580
702
241
313
684
656
395
891
629
687
822
155
48
782
690
983
483
730
67
787
466
573
256
999
497
368
720
978
223
702
961
979
882
701
478
131
710
62
522
89
594
306
904
860
641
502
684
887
207
884
359
595
341
109
690
192
585
509
209
278
605
353
998
573
663
60
883
977
520
404
343
359
228
300
23
802
990
44
562
995
217
783
277
715
134
846
744
124
32
736
580
897
508
819
117
582
457
86
26
946
707
341
581
307
601
271
764
176
915
393
923
241
32
68
407
658
396
435
923
77
114
805
664
159
79
914
588
855
569
549
443
7
417
962
443
674
570
518
189
582
114
987
662
20
608
942
576
107
318
780
709
820
910
227
193
498
783
99
987
634
480
666
77
773
97
974
535
460
47
889
815
447
527
308
280
395
930
105
356
772
708
696
890
893
982
234
882
165
797
467
72
959
999
604
684
143
389
929
1
888
799
11
345
399
105
118
611
733
597
865
304
301
144
894
200
138
771
463
548
46
336
281
881
404
890
414
884
167
904
477
395
809
565
465
455
685
41
348
942
718
818
742
499
840
849
199
658
9
950
246
202
39
298
698
57
139
644
731
248
978
515
780
489
661
398
550
774
702
96
944
448
812
241
38
289
648
996
976
66
944
785
858
549
969
108
437
702
939
158
902
88
587
16
173
868
205
220
938
422
551
636
985
632
916
773
590
6
679
671
611
493
407
333
490
502
105
115
963
920
190
406
17
364
55
353
501
269
732
671
98
360
851
884
752
25
330
621
32
124
534
981
138
141
46
536
637
937
310
722
861
758
558
555
474
50
50
74
794
11
785
120
958
45
839
676
221
121
815
525
618
986
820
954
565
321
560
695
729
17
200
638
513
521
432
83
738
638
678
574
970
102
796
566
280
347
62
443
330
989
215
40
210
101
731
894
88
710
963
457
339
598
656
829
441
298
819
621
42
144
75
808
291
316
52
442
839
222
440
100
550
843
250
473
177
87
169
33
630
628
927
56
844
434
932
381
786
125
383
246
136
683
939
75
474
979
495
801
555
870
154
119
956
510
563
263
435
593
840
471
2
890
739
812
531
832
21
981
447
136
731
311
7
793
952
156
239
326
112
282
973
240
981
673
552
23
853
293
664
377
34
677
422
472
828
547
256
47
416
925
308
491
458
718
409
574
736
575
326
869
699
189
915
394
277
231
682
634
458
662
253
644
587
388
296
787
75
408
597
839
197
197
897
1000
36
221
295
993
739
870
192
725
29
899
60
406
43
106
681
782
456
876
545
916
595
362
882
825
596
87
424
901
513
282
656
41
672
32
920
74
209
755
385
651
455
246
777
404
157
210
743
441
64
787
312
201
79
955
891
562
488
185
781
651
120
100
167
835
624
373
331
119
332
822
314
406
121
222
370
86
646
868
446
225
399
483
685
903
448
737
549
173
820
532
145
139
943
694
392
963
530
155
547
370
641
985
455
755
402
447
391
594
683
587
461
478
443
463
874
666
756
944
0
873
143
756
706
759
351
711
270
466
552
573
421
741
719
983
946
814
779
826
483
570
574
408
148
476
583
255
941
802
353
10
443
387
804
458
391
357
831
812
444
235
385
298
498
828
248
521
229
220
298
617
700
266
903
394
527
693
708
129
617
359
894
537
591
902
692
523
769
297
99
735
109
134
486
370
871
880
63
217
260
923
604
917
864
610
358
125
548
508
699
222
752
192
877
200
556
761
330
369
577
330
518
420
705
297
512
867
632
693
697
551
896
588
157
56
466
119
376
977
557
891
47
357
209
468
10
80
557
546
60
870
958
417
447
616
967
696
201
802
248
844
789
895
549
295
292
761
398
176
714
666
902
790
866
126
625
94
515
923
302
192
518
321
332
608
834
447
630
166
531
713
270
829
871
208
545
118
801
123
628
891
816
124
863
781
262
682
826
667
113
694
925
465
870
930
190
911
533
778
851
939
94
410
955
95
228
242
854
50
892
503
975
999
403
494
856
307
701
709
675
520
542
74
903
795
842
194
434
211
981
109
809
50
638
80
62
793
446
360
125
100
620
444
499
871
463
655
690
474
694
206
58
312
362
864
603
772
177
816
218
328
111
638
553
814
681
845
493
406
145
738
609
463
823
697
824
293
675
365
477
892
30
822
274
261
102
935
598
167
428
996
787
503
878
399
644
19
530
38
807
511
696
430
340
900
864
799
49
54
429
417
754
980
394
619
276
251
14
31
981
682
955
396
805
131
444
249
607
937
450
171
877
181
600
655
934
123
972
6
364
257
234
277
800
145
376
889
384
162
744
111
620
668
648
740
572
325
872
989
278
614
806
484
710
454
336
969
937
731
109
620
937
512
974
479
866
640
862
355
666
349
228
589
527
700
436
230
633
611
661
786
598
89
334
397
455
545
799
853
132
731
759
295
628
45
957
809
219
468
215
709
944
555
157
130
247
432
867
987
488
971
904
875
847
788
100
527
988
891
715
466
227
694
771
985
279
192
985
226
963
538
734
690
271
983
473
524
240
748
517
46
343
387
179
794
652
154
451
983
701
745
929
326
516
128
231
399
665
532
482
289
879
915
551
650
816
863
261
581
761
351
866
125
625
366
692
601
676
157
581
243
387
333
413
73
458
916
293
538
556
68
941
290
679
650
127
772
602
517
985
262
109
823
550
407
344
915
188
199
89
866
668
362
847
884
399
370
527
767
652
931
527
841
433
268
65
122
448
257
738
17
297
492
687
92
439
354
30
837
943
466
539
386
191
594
852
325
195
515
571
643
778
213
89
631
947
828
741
673
181
593
564
21
970
796
165
748
285
287
755
397
50
104
797
45
724
51
780
362
695
345
624
854
246
1000
196
757
99
140
770
954
808
869
882
531
622
698
790
171
89
483
33
588
382
775
729
107
810
429
425
178
617
219
496
259
102
313
592
211
278
575
353
885
207
356
729
389
589
447
725
382
660
6
343
578
600
39
439
56
202
117
60
469
182
854
973
576
416
390
117
574
808
185
155
468
834
757
26
596
841
567
781
759
695
96
701
346
373
764
906
27
101
2
97
630
356
379
633
767
154
133
104
327
280
585
100
337
970
422
667
730
587
693
190
915
624
566
887
577
835
83
414
819
700
884
557
87
644
453
289
68
965
870
396
882
80
335
522
438
100
338
46
608
391
248
154
350
964
699
97
846
939
103
473
324
615
894
196
186
882
676
312
469
127
648
840
453
855
17
864
804
280
709
289
540
582
803
529
620
254
859
143
995
2
898
383
555
965
590
606
896
955
959
569
148
48
679
344
999
302
145
55
373
651
919
89
190
701
781
106
992
347
479
161
617
840
304
471
570
593
870
983
657
941
993
710
867
26
78
494
65
769
311
5
47
123
690
419
579
128
232
542
965
982
330
17
762
229
818
611
302
156
35
231
324
361
529
795
425
951
567
728
44
582
326
555
771
470
704
488
962
725
899
197
644
869
618
686
163
514
923
429
731
750
365
680
336
91
524
633
384
705
628
802
812
450
531
284
49
780
318
519
603
272
1
679
642
510
777
546
2
736
361
500
667
894
410
175
240
788
771
175
3
369
268
259
262
619
628
304
64
400
146
688
160
573
210
51
78
23
479
949
587
440
981
140
949
687
856
611
310
359
763
660
778
486
987
729
244
8
643
42
523
997
751
970
300
948
404
301
293
253
159
689
801
828
651
514
701
472
108
920
932
194
370
300
928
651
260
957
666
690
440
207
495
366
743
312
801
82
937
438
290
439
486
934
686
631
585
402
865
258
708
238
506
408
438
118
571
427
120
31
492
899
294
216
70
996
767
413
122
192
340
764
398
286
31
11
195
52
177
335
470
31
259
680
726
618
264
447
881
539
364
499
878
263
485
982
113
107
362
852
812
327
125
301
198
482
238
860
163
840
899
788
62
520
843
693
194
934
577
553
41
266
623
417
578
326
533
92
399
796
429
151
853
478
437
887
838
534
318
817
38
284
204
625
950
552
918
580
261
708
829
547
949
222
870
527
935
52
859
471
755
311
629
537
216
809
867
348
827
582
498
935
365
518
934
247
293
942
693
356
444
542
295
953
453
650
906
402
267
573
837
457
105
278
235
566
203
179
72
943
830
904
770
654
108
778
159
668
396
381
420
284
86
879
682
206
253
881
223
864
3
875
287
890
965
735
93
994
407
949
342
841
13
930
698
739
502
978
831
472
619
502
838
842
247
158
610
350
931
682
470
660
70
454
464
242
788
836
308
83
181
458
561
395
613
208
982
874
645
710
29
494
243
622
446
810
632
111
12
317
926
144
83
866
555
184
331
596
99
457
969
953
482
827
771
425
4
368
331
758
582
421
707
191
849
822
549
375
497
466
237
706
695
910
33
987
78
415
679
648
698
815
515
690
358
956
246
94
499
91
357
187
194
455
741
766
826
789
146
892
762
249
631
514
768
334
672
588
894
158
234
284
571
643
150
116
476
235
40
117
451
335
661
131
979
33
149
71
842
593
10
877
877
576
937
823
779
917
334
501
201
116
201
251
236
502
9
981
832
770
926
111
653
236
370
711
725
55
630
691
649
141
557
90
442
187
77
855
336
939
637
884
680
463
186
580
161
210
998
824
781
924
232
110
85
98
989
674
139
401
750
572
125
874
485
311
851
419
138
435
723
276
818
566
895
70
121
301
813
518
116
500
114
704
538
375
821
290
984
235
275
590
378
143
610
813
294
631
585
304
705
217
931
59
193
684
712
461
266
831
117
174
400
15
865
959
71
443
876
343
416
885
560
213
60
409
37
425
9
99
236
306
105
378
952
631
61
491
529
532
191
10
856
420
35
804
730
607
257
243
974
875
221
49
697
130
843
879
236
615
830
179
224
726
275
273
772
784
81
177
726
334
69
282
662
427
758
868
575
864
973
25
884
975
767
599
338
736
228
405
84
607
581
642
306
145
346
415
732
569
273
428
71
851
474
367
838
953
622
662
142
734
233
965
425
649
357
248
598
536
612
228
634
860
256
706
664
246
618
308
285
773
662
95
379
857
943
381
624
495
763
213
777
782
670
945
403
678
873
890
438
234
218
33
534
470
178
338
277
335
815
966
587
519
840
992
119
953
801
374
312
657
454
25
828
588
849
56
65
375
710
737
400
403
194
230
660
461
231
782
718
696
836
783
484
820
657
956
429
573
33
915
191
829
784
786
274
122
554
711
955
811
782
190
840
542
33
196
437
637
869
182
799
288
222
315
854
299
594
462
658
291
122
606
457
794
511
690
719
936
651
758
712
66
378
15
295
976
943
396
717
311
729
222
504
599
775
353
197
463
880
949
465
408
368
878
973
762
947
25
239
583
990
48
554
338
245
166
877
820
624
508
189
11
142
933
557
779
127
718
874
760
672
457
255
398
569
51
781
542
541
959
554
291
13
661
758
617
914
546
640
753
797
744
47
922
946
478
43
488
84
827
53
651
497
738
247
752
469
275
528
262
414
658
205
364
841
436
29
292
827
404
391
637
117
292
941
928
931
263
537
80
645
137
513
509
401
973
112
542
187
725
504
175
614
769
923
968
738
331
933
254
727
129
50
864
305
387
334
513
760
573
898
496
653
648
160
549
403
860
741
86
764
684
125
469
25
471
142
206
648
337
972
537
917
970
75
842
873
613
45
152
470
681
297
399
276
172
434
420
146
891
676
548
124
953
135
478
666
738
550
496
897
910
421
861
42
701
346
71
108
37
465
291
999
946
192
255
666
370
670
224
617
721
193
346
830
247
75
305
368
931
434
544
790
40
22
762
666
685
630
885
398
423
133
374
858
848
980
9
455
23
358
448
861
938
356
278
398
164
762
50
310
480
438
382
712
532
267
961
328
492
609
886
968
135
602
239
128
538
508
532
868
304
873
783
268
910
452
637
562
465
128
22
752
324
184
465
579
915
920
888
620
508
172
859
807
705
539
426
668
656
740
515
794
44
953
39
141
904
295
659
781
388
719
811
535
795
993
158
611
683
656
307
1
137
8
755
606
547
982
930
797
721
25
202
580
623
272
101
856
330
348
163
468
378
139
889
74
881
753
87
455
332
313
428
386
355
710
742
169
788
254
678
819
391
236
356
411
38
45
288
965
935
503
838
396
864
806
891
958
688
56
665
648
142
916
439
224
886
307
281
19
472
930
350
343
76
778
990
94
340
173
951
467
378
239
376
88
775
40
353
929
397
197
769
521
259
418
115
297
362
598
315
228
939
258
751
453
483
62
583
847
960
282
590
935
688
346
219
964
634
147
514
641
865
941
39
321
311
675
237
936
826
948
352
657
779
400
100
408
766
858
183
312
863
592
749
230
11
872
838
586
198
380
722
513
610
51
6
10
269
822
905
221
77
854
332
358
315
656
676
163
970
348
711
639
577
447
552
547
829
768
304
959
925
678
601
487
311
484
914
326
700
308
427
787
586
659
758
355
340
607
512
87
242
464
41
948
908
28
634
468
225
600
216
393
110
621
206
280
841
583
857
394
536
700
653
621
365
67
72
280
635
473
339
671
557
298
414
499
125
958
836
123
187
934
571
255
133
5
16
645
47
248
527
635
586
8
35
510
901
496
395
868
577
692
339
430
878
343
339
107
472
964
172
26
562
674
989
876
407
324
1
657
731
672
623
985
926
166
724
667
269
486
578
642
206
178
974
541
312
181
532
529
358
247
216
880
133
664
263
504
142
888
687
219
323
758
927
438
451
856
315
687
765
583
561
180
719
593
703
814
691
645
584
692
657
677
430
349
695
145
371
621
619
842
611
123
996
802
315
362
989
570
18
271
728
178
479
439
733
370
843
51
530
465
648
87
715
105
303
637
239
62
957
673
254
673
487
45
326
527
539
860
349
661
908
180
658
451
879
111
219
610
64
789
386
342
291
53
314
754
904
101
88
214
219
802
385
50
370
500
927
95
454
160
111
676
912
804
679
769
165
924
59
169
525
255
137
443
707
54
481
957
411
764
426
519
299
550
148
746
79
159
908
629
182
748
991
802
972
450
761
989
926
788
714
596
1000
14
834
933
366
984
628
664
556
31
689
318
104
331
446
154
898
704
749
483
282
505
315
201
191
743
712
578
892
850
502
854
684
3
555
153
999
208
102
842
456
207
569
133
861
182
684
726
497
869
113
938
147
359
148
163
510
456
524
309
941
319
176
762
812
513
904
885
761
522
235
256
70
649
736
537
328
429
463
508
470
438
767
670
494
30
106
685
818
690
796
280
684
785
96
982
798
135
139
576
150
196
493
245
620
102
93
659
268
17
278
704
453
870
289
405
648
719
994
555
295
554
833
702
207
54
777
592
282
710
330
893
417
28
462
141
697
647
435
718
367
515
895
579
9
557
975
238
498
608
764
570
348
603
620
850
673
138
94
700
642
978
584
599
304
658
939
263
230
478
380
1
616
275
587
813
243
417
100
502
952
945
394
318
101
389
247
115
523
677
395
783
792
803
880
605
636
341
863
167
642
958
292
625
895
604
48
602
328
812
775
364
37
171
85
441
974
772
821
532
379
81
525
213
254
640
335
279
781
111
574
684
23
865
83
586
956
763
465
362
851
265
675
806
42
233
162
423
611
794
357
865
280
756
34
693
812
960
232
676
619
983
149
952
977
417
665
770
976
888
262
832
310
728
366
370
133
140
667
772
117
116
62
454
310
506
746
741
21
944
503
782
691
732
159
744
758
714
902
26
705
381
817
197
132
363
310
157
484
606
715
840
258
5
417
232
304
767
827
578
113
757
340
428
708
798
557
66
391
879
468
819
345
94
759
838
560
544
39
157
777
567
166
708
26
800
498
270
340
916
176
329
805
321
360
814
986
506
292
34
38
826
283
853
613
223
375
191
663
448
834
728
334
144
855
797
933
894
28
796
397
282
677
826
732
931
751
956
183
554
323
429
63
998
268
220
926
640
250
160
628
315
287
351
398
593
290
913
795
228
600
505
980
836
501
712
65
351
207
846
250
166
239
218
923
982
107
425
771
568
364
402
812
463
2
875
514
728
327
557
260
131
264
41
91
586
321
976
941
629
220
355
647
655
339
958
332
327
447
895
671
609
214
588
884
318
21
354
661
336
285
488
304
978
762
752
303
917
749
496
707
161
480
3
98
286
233
285
480
833
546
326
343
32
748
747
680
139
73
209
461
63
827
877
926
592
780
663
659
559
335
548
567
918
254
75
607
123
196
110
416
71
748
100
468
277
583
188
506
987
309
989
568
558
171
884
553
56
577
997
601
509
779
405
398
341
542
710
985
134
19
911
36
725
68
771
196
321
747
952
708
648
194
553
955
988
739
556
302
49
801
261
747
70
66
776
144
464
847
82
378
318
113
544
656
523
857
740
902
790
147
60
941
33
87
529
594
742
54
69
729
351
531
496
966
792
296
612
248
308
479
810
325
866
938
167
840
652
887
946
276
982
958
27
698
456
353
209
598
686
457
761
799
954
984
879
19
56
711
803
722
851
516
898
216
435
1000
76
433
563
589
573
842
196
883
146
796
210
568
698
966
157
649
557
933
50
712
9
423
148
82
789
461
628
912
284
593
263
353
275
120
109
52
26
820
20
181
502
401
228
912
203
284
19
905
630
50
692
125
460
333
718
599
243
730
106
529
295
811
277
538
485
47
702
820
81
389
972
816
78
794
163
945
765
647
906
851
765
847
681
883
508
809
752
996
10
676
589
56
815
579
793
970
469
781
44
490
944
670
182
446
468
555
883
966
190
234
21
266
826
987
490
140
372
435
737
306
773
469
417
174
579
189
915
387
555
821
702
929
835
165
113
239
386
720
303
707
221
527
501
797
657
845
99
132
520
241
669
759
801
775
218
180
664
32
785
923
629
871
25
748
267
674
218
551
976
827
434
615
609
859
223
55
783
954
933
778
965
772
594
94
700
663
85
487
738
474
333
217
667
223
390
338
662
769
811
674
315
129
883
375
681
327
925
148
230
82
836
743
99
123
200
545
76
731
692
906
402
157
689
972
932
482
898
868
551
936
830
43
872
667
811
51
414
843
49
449
200
550
377
202
428
221
109
858
356
286
563
696
588
880
249
164
730
593
140
915
84
117
100
986
280
219
122
816
664
407
624
172
285
949
323
159
499
47
893
943
461
8
641
60
588
454
119
562
53
458
962
652
940
645
890
687
50
882
773
248
227
802
809
321
921
509
891
278
50
555
4
561
493
209
363
729
292
835
66
521
652
197
913
884
105
465
654
718
112
377
283
99
355
647
821
751
499
108
1
982
185
492
247
846
17
800
106
270
285
188
879
437
307
341
576
924
145
983
757
292
282
546
454
687
338
434
369
79
799
72
785
506
522
99
313
18
840
247
545
71
925
872
551
237
42
250
125
896
824
800
252
521
836
379
46
961
864
536
482
772
299
210
366
496
944
915
70
419
861
994
181
832
799
1000
980
226
629
5
503
464
560
26
871
528
174
777
148
252
850
708
514
16
411
752
10
423
211
72
762
714
3
840
148
4
43
125
3
846
81
474
503
507
566
188
411
54
532
827
794
184
724
128
129
123
930
591
226
908
493
178
15
331
984
360
960
436
565
395
716
234
568
268
139
904
552
470
81
939
171
963
188
984
979
383
526
486
502
520
340
45
247
177
909
416
701
650
772
963
893
356
108
433
728
320
242
274
179
106
991
481
597
669
382
198
276
433
309
848
676
688
885
10
92
279
25
335
188
725
28
851
79
555
539
336
49
543
660
171
622
890
950
807
580
105
738
410
685
767
712
299
575
64
13
219
549
620
719
155
655
5
291
96
983
346
377
371
952
347
302
788
778
671
521
826
108
176
584
617
728
442
57
565
636
263
234
45
584
210
461
588
42
747
91
643
795
384
281
511
477
559
8
360
554
761
84
64
271
253
312
295
12
497
966
173
638
54
552
958
567
769
231
734
750
462
981
237
954
911
255
800
631
285
395
741
352
576
514
322
808
953
948
85
978
506
756
786
860
652
984
822
341
68
799
756
209
10
999
496
541
146
471
5
67
803
526
723
757
883
684
48
924
657
40
326
453
698
440
164
91
395
813
125
745
584
162
53
960
894
956
93
742
8
966
943
96
919
204
331
661
266
190
699
274
754
861
309
649
686
470
368
838
974
735
698
941
355
583
473
45
213
344
953
215
796
113
360
953
761
48
69
120
945
81
776
314
195
109
118
49
832
372
896
558
483
594
116
762
759
85
914
941
423
640
46
160
586
724
661
163
279
623
161
184
840
314
332
73
486
172
809
30
679
569
886
569
626
980
626
402
542
334
436
385
621
564
199
574
595
644
370
619
616
204
629
846
510
891
3
208
830
590
648
415
266
140
86
925
588
703
517
217
860
335
944
527
194
686
916
386
679
520
828
795
236
135
109
181
326
571
922
658
422
68
632
791
292
276
972
264
318
877
357
186
834
774
561
685
351
838
176
620
937
909
714
694
521
316
158
347
818
863
894
608
561
498
617
732
588
553
445
703
785
122
892
578
34
676
351
921
691
635
219
970
434
898
181
622
194
253
951
583
54
953
892
629
171
105
627
9
125
89
580
985
139
274
279
733
794
946
305
455
482
693
209
935
472
645
108
619
23
679
151
239
900
978
122
346
761
791
826
720
774
704
928
432
41
204
216
624
431
524
91
880
525
562
823
310
867
619
573
741
362
493
166
77
501
41
536
174
48
99
802
960
867
188
629
389
65
347
385
871
497
728
993
649
181
538
963
236
801
650
839
296
196
822
490
433
304
638
582
677
805
383
854
610
962
630
323
473
917
154
243
131
603
334
649
2
915
175
141
347
909
964
778
481
309
829
699
851
929
541
342
723
210
828
167
841
364
601
983
297
771
344
371
686
827
491
426
521
737
247
577
271
78
589
901
276
823
99
644
71
823
139
358
331
432
300
528
338
711
376
503
317
15
518
0
57
947
325
642
495
144
523
452
391
115
209
456
421
346
235
260
588
326
788
584
105
278
344
7
75
306
10
801
345
338
755
820
133
879
523
105
312
279
206
709
695
818
252
427
641
273
359
771
845
98
580
507
908
782
767
502
599
163
891
819
155
475
158
979
253
875
488
337
841
770
298
273
204
247
342
817
439
866
699
563
521
714
978
623
684
512
972
183
997
97
434
101
82
654
20
538
756
252
620
136
400
222
613
966
362
491
684
446
930
412
331
303
528
306
308
27
283
653
563
713
217
199
698
862
279
804
588
459
635
963
642
465
901
264
371
949
773
860
193
949
196
212
944
757
654
556
422
795
773
137
765
407
760
630
441
284
476
33
22
24
50
523
515
256
412
795
184
132
104
994
424
706
423
609
180
659
743
600
366
943
547
607
774
51
828
847
342
335
195
685
198
121
413
19
248
309
379
869
105
684
915
792
127
482
174
23
872
585
297
642
271
438
438
816
16
17
635
93
886
882
121
67
3
397
502
189
325
195
365
19
647
668
289
247
985
198
982
688
389
463
725
314
910
202
894
254
732
471
994
781
864
74
11
749
791
500
42
461
493
843
11
636
176
471
920
341
97
214
919
144
117
579
5
164
401
591
529
897
983
245
581
181
751
274
621
26
406
472
1
799
297
915
968
412
909
133
743
224
342
341
43
292
114
522
570
70
467
389
318
898
629
974
251
359
958
300
351
635
153
808
684
619
753
912
396
494
845
244
165
591
927
163
34
960
665
226
552
21
413
160
897
35
198
922
368
397
659
576
872
277
498
431
772
61
429
214
494
260
654
262
343
991
538
645
904
643
262
687
466
408
389
741
592
337
151
637
282
225
258
664
754
178
607
733
336
542
327
158
875
296
465
966
33
260
534
910
387
892
473
585
50
961
698
286
719
910
774
942
97
435
766
674
490
654
315
212
131
595
709
864
710
520
920
650
501
449
767
352
455
54
305
14
793
162
601
977
169
860
252
782
445
969
650
41
445
149
542
634
85
5
457
867
65
607
967
30
705
907
387
631
60
997
96
759
520
215
154
411
385
149
322
263
613
915
321
554
13
910
607
608
760
540
884
885
721
498
72
933
429
859
528
909
186
471
937
123
378
908
202
269
113
751
526
172
320
126
170
201
458
423
407
282
154
991
996
273
467
694
29
64
747
843
84
787
969
902
590
719
825
515
825
45
180
424
153
844
949
138
545
293
654
665
588
743
881
951
66
898
799
964
569
475
409
190
291
557
884
149
232
820
342
192
682
434
791
654
135
791
518
701
775
690
367
961
69
815
825
956
541
275
269
128
905
4
850
496
103
49
676
27
975
908
572
999
851
659
553
831
893
495
991
181
259
457
582
219
398
718
213
732
328
169
936
649
458
950
44
92
91
544
908
561
985
484
735
538
152
391
549
283
994
108
473
125
33
422
117
209
820
132
102
922
197
363
234
57
513
624
579
318
201
286
861
903
280
687
951
650
673
516
316
239
647
894
701
789
872
59
117
467
298
869
533
700
143
771
887
496
949
614
953
243
974
294
759
449
556
271
401
657
895
412
253
146
561
886
70
144
62
59
544
342
692
594
867
806
209
200
753
734
359
561
908
991
409
657
870
912
773
850
761
867
505
68
123
535
959
629
486
808
868
228
126
595
862
678
420
553
512
882
300
901
558
392
251
969
898
775
176
569
180
376
551
394
392
109
290
518
425
343
771
483
298
157
43
905
822
174
531
787
238
335
168
58
913
384
378
506
518
593
77
941
55
301
132
574
748
269
417
279
62
841
369
346
347
555
335
384
394
680
857
852
844
527
267
903
157
758
593
839
382
972
352
227
307
298
224
355
937
945
987
947
606
484
223
36
464
140
472
171
942
946
82
67
228
821
371
708
1000
84
734
47
660
435
916
546
237
35
28
880
928
854
631
369
769
349
653
570
213
692
282
939
972
597
690
942
741
290
707
887
781
155
860
577
438
869
841
955
622
381
178
963
318
203
34
96
912
858
182
942
379
613
184
994
205
541
868
158
848
271
68
72
437
830
197
91
997
856
568
394
157
392
671
666
824
246
943
621
246
680
44
944
307
444
409
817
595
923
456
206
453
629
734
59
106
147
35
37
262
749
893
938
995
515
504
38
815
427
289
182
600
908
16
148
278
170
264
766
282
111
262
283
672
561
99
187
39
102
683
834
842
598
201
373
972
45
387
619
319
148
41
59
530
739
104
784
745
750
307
772
754
962
117
864
915
363
655
578
78
990
789
27
320
693
480
767
131
231
654
888
111
965
105
677
452
976
239
137
735
282
98
393
353
682
177
776
43
929
420
887
113
743
146
664
899
378
90
968
261
654
77
222
139
358
597
860
911
690
709
204
946
609
819
161
443
18
204
173
0
975
450
607
122
284
640
97
9
370
705
178
798
68
439
162
80
447
468
649
175
931
663
249
152
624
836
453
492
71
837
644
242
147
649
632
321
369
280
668
485
973
736
883
34
111
781
294
190
666
807
896
852
368
970
772
976
625
500
435
195
201
57
6
835
496
940
985
909
898
912
394
691
130
480
124
73
33
271
892
182
750
67
594
752
270
419
479
604
346
781
864
189
513
131
627
453
338
725
494
973
741
631
853
805
258
70
576
722
544
513
146
907
958
73
220
148
334
707
555
546
486
123
769
417
595
992
14
527
536
280
424
837
799
84
498
858
883
359
544
659
612
851
139
374
783
490
190
213
17
356
924
881
326
447
337
322
341
250
337
530
637
690
773
175
949
831
119
159
116
262
278
609
329
866
246
421
42
5
789
276
252
82
825
316
200
298
39
206
157
606
631
395
731
430
660
758
721
378
199
683
381
978
320
644
238
286
721
581
546
905
304
902
605
359
426
440
457
20
187
894
849
798
951
984
518
991
75
449
812
62
830
612
987
807
207
503
221
923
459
277
572
652
292
648
864
488
732
693
855
428
584
778
930
449
870
905
432
592
557
25
648
195
57
397
885
348
860
582
477
218
305
741
369
444
101
498
19
127
433
73
266
615
283
592
170
807
269
567
292
518
787
360
603
621
91
879
620
326
544
262
87
725
48
790
149
973
472
46
95
242
851
138
670
708
990
170
50
851
124
0
356
324
407
19
243
810
772
884
352
465
940
635
210
525
934
631
371
313
378
820
648
760
88
672
623
544
294
428
399
73
737
497
33
875
653
506
806
595
330
65
138
405
917
966
791
130
751
346
419
481
621
715
382
23
989
104
173
690
344
217
786
219
973
502
131
965
942
966
898
146
417
210
718
328
238
629
861
794
311
126
586
97
889
151
240
215
205
551
729
972
344
816
231
361
311
952
299
194
789
962
998
789
545
138
51
606
728
445
3
406
708
440
711
687
304
475
359
703
680
320
902
592
411
779
599
343
722
855
821
281
779
380
827
587
899
573
837
887
505
184
186
827
33
243
998
766
583
617
642
941
101
495
875
543
491
122
149
900
639
202
272
757
701
410
964
240
980
359
252
550
753
187
795
739
421
729
152
936
622
394
784
140
534
197
912
24
441
55
376
144
791
282
634
370
107
704
982
1000
885
297
173
688
454
545
143
697
334
381
697
969
882
249
432
174
947
541
269
26
508
768
137
104
210
317
305
570
565
478
503
722
65
707
684
329
418
134
373
870
944
272
997
420
938
485
559
337
811
504
285
912
440
328
86
114
721
93
801
493
163
241
986
514
144
456
867
719
167
344
955
148
765
243
885
784
246
170
825
353
545
784
256
386
584
636
208
111
247
11
788
495
787
509
61
818
418
515
554
520
700
473
196
276
476
744
405
127
541
853
990
650
690
827
68
215
832
671
451
988
181
724
158
318
212
214
25
230
815
165
97
793
830
213
394
131
594
804
256
963
821
129
244
768
893
586
556
809
335
822
188
449
766
135
846
783
689
143
836
174
509
384
122
599
457
913
478
48
715
930
897
516
733
646
988
263
811
332
245
194
85
249
779
113
85
621
812
661
276
559
374
673
835
924
240
179
424
434
685
348
747
130
954
269
337
740
643
564
602
984
165
48
529
335
38
515
223
561
309
717
317
751
481
888
151
196
210
99
791
325
633
828
863
766
55
397
324
288
987
961
683
693
363
530
851
667
910
200
592
479
474
124
15
79
235
470
33
322
901
119
909
401
200
465
645
92
364
745
20
432
511
132
130
912
664
810
491
800
414
436
954
500
54
640
457
283
255
113
483
968
421
913
612
510
2
487
396
665
648
307
491
466
51
872
237
800
49
806
631
219
252
77
622
809
552
244
74
940
36
711
638
494
141
366
45
318
729
653
87
229
975
189
934
521
153
841
616
918
997
652
877
153
964
752
752
81
965
860
929
970
868
771
144
630
542
268
541
13
900
805
671
125
403
310
157
620
794
921
469
316
866
438
832
119
855
826
780
590
426
8
739
267
409
548
306
981
630
990
664
373
326
175
22
121
827
664
918
16
92
674
15
315
867
563
997
467
555
370
310
557
945
627
332
741
229
352
739
804
132
748
583
147
247
357
708
208
533
804
699
160
775
108
24
548
155
362
33
805
148
965
793
580
995
168
508
819
195
484
798
506
294
939
221
629
978
509
854
652
59
911
714
140
781
692
509
832
677
588
531
994
740
210
236
823
889
12
303
413
271
758
952
594
552
492
514
381
778
866
398
643
537
976
334
973
931
322
967
196
652
464
242
718
366
444
41
820
125
273
860
928
644
151
212
86
452
722
122
88
858
242
967
994
231
562
63
297
824
644
495
925
494
705
777
801
926
944
323
868
577
995
851
628
758
721
689
888
770
752
611
910
268
620
146
868
824
428
398
345
363
343
158
500
914
36
528
112
544
149
556
750
21
74
822
376
884
139
778
343
996
385
297
830
451
580
892
836
994
156
345
609
51
847
979
141
418
156
86
121
316
872
402
642
800
582
428
221
231
907
680
103
819
963
95
109
750
262
985
843
901
895
706
214
712
635
458
947
747
216
581
398
345
50
342
2
707
6
778
117
821
697
315
195
192
746
313
841
48
845
132
53
210
558
507
671
255
1
78
330
261
478
419
127
341
250
431
642
484
891
87
211
196
611
667
422
6
306
481
460
105
754
423
444
397
763
752
578
308
308
732
658
867
650
97
796
523
789
492
209
491
795
837
157
991
82
980
219
3
254
815
786
286
174
760
839
513
473
240
115
955
736
32
665
211
811
550
935
642
782
907
469
184
117
628
955
131
319
731
47
411
898
639
329
796
983
348
248
910
532
372
929
952
392
751
708
597
406
281
712
15
684
547
765
807
351
68
162
529
670
233
50
903
403
593
20
188
882
470
979
728
614
339
300
490
325
189
485
679
216
888
479
841
128
84
731
654
112
177
271
129
779
620
763
328
947
365
481
358
254
879
142
350
310
493
268
858
622
174
729
393
599
428
937
364
922
190
491
732
964
677
938
859
17
406
685
834
372
744
522
177
180
786
109
476
365
487
719
114
607
759
714
24
195
204
883
140
133
714
470
7
559
485
820
653
500
486
965
699
946
257
725
653
445
32
903
718
45
833
349
576
986
4
163
233
711
288
518
298
272
531
572
89
205
58
668
657
933
879
399
563
500
337
954
629
295
253
881
477
70
76
729
665
240
156
160
550
368
279
955
865
323
817
885
514
404
369
964
464
269
200
154
9
502
552
440
420
697
264
587
285
538
429
941
180
477
645
15
398
128
367
88
884
48
937
4
452
45
356
22
451
901
228
784
502
90
668
518
244
859
535
616
453
787
13
278
394
581
876
151
401
935
879
228
152
438
565
708
62
550
909
405
383
460
122
878
503
8
92
2
529
613
755
773
887
146
155
197
666
803
290
917
486
571
561
416
944
309
78
78
112
317
813
642
749
486
339
375
5
30
180
357
722
819
155
694
923
176
531
274
966
256
296
975
995
479
455
265
534
394
673
116
554
958
258
393
962
911
32
451
335
143
89
659
375
774
754
558
792
950
934
116
389
358
224
120
127
41
668
31
387
854
262
731
148
317
523
707
986
550
578
119
783
794
270
264
111
27
452
125
953
36
235
928
143
235
137
351
707
766
257
713
273
826
649
865
279
534
162
731
339
895
649
912
155
832
938
932
278
899
794
602
757
160
672
39
712
88
480
189
610
310
351
734
321
895
68
874
451
245
899
26
679
953
877
573
616
154
589
303
162
651
67
733
644
834
408
869
9
517
549
341
75
477
873
829
107
848
234
563
476
221
911
548
69
264
133
619
876
656
172
333
886
287
392
216
402
753
214
448
739
226
836
267
335
515
276
184
873
399
263
976
684
226
73
260
232
228
923
346
677
924
626
310
865
889
981
724
624
55
439
395
917
71
528
878
28
463
416
482
540
154
749
773
446
731
917
585
982
361
54
116
696
639
612
14
755
484
763
571
694
940
256
508
506
935
683
30
697
902
504
561
279
293
482
632
73
778
898
39
764
88
350
426
612
775
921
609
581
389
326
5
402
935
210
140
778
447
168
397
441
634
764
168
624
152
33
227
335
226
492
859
231
158
347
952
853
940
785
100
330
872
89
616
475
493
428
817
805
968
787
452
708
424
722
38
930
800
843
443
656
93
577
287
563
510
819
521
111
120
509
33
747
120
283
892
958
312
789
512
661
914
632
938
343
533
593
350
560
29
338
705
611
955
315
807
781
916
712
149
202
195
875
410
54
977
372
858
427
971
424
581
598
711
253
507
312
275
881
39
114
739
220
295
160
136
837
160
865
992
406
664
102
819
955
451
890
167
379
734
689
503
763
117
84
983
287
831
853
116
679
341
559
391
886
917
781
131
943
740
730
130
261
368
136
479
538
938
182
123
771
9
435
308
497
481
306
898
784
585
418
614
305
173
397
744
338
466
770
874
671
742
542
7
3
617
55
153
80
50
14
660
824
543
949
732
483
255
590
114
471
618
494
863
733
245
776
97
960
436
85
941
697
811
196
997
236
420
871
697
40
668
813
97
853
538
126
36
356
248
170
972
221
460
1000
871
570
770
632
406
157
508
662
24
403
724
806
773
109
630
112
462
105
323
106
903
928
453
932
16
950
958
559
960
148
408
643
618
818
224
162
78
823
604
924
904
316
100
827
619
928
830
48
846
773
196
690
126
865
530
420
610
960
823
742
887
945
478
498
747
140
727
432
844
260
628
139
24
0
571
334
167
409
399
695
933
148
640
740
58
239
271
113
472
562
292
862
869
743
935
582
335
554
207
817
270
317
688
192
605
138
164
725
250
4
515
259
444
335
824
256
232
114
524
869
821
727
28
716
829
742
537
949
765
247
350
171
167
509
43
33
948
381
617
590
493
82
234
34
801
545
993
292
142
46
814
924
599
815
275
657
869
818
943
719
832
384
436
291
954
224
366
241
290
479
770
833
892
154
23
448
897
609
188
647
734
334
372
386
70
837
499
994
353
377
834
863
382
52
790
654
261
627
165
598
506
700
252
932
810
625
865
864
735
502
626
791
614
253
534
838
974
514
837
514
660
256
268
901
518
495
826
865
288
877
239
381
918
661
851
378
2
638
897
874
770
51
157
819
419
804
840
777
551
924
401
551
714
879
273
526
542
209
426
820
404
156
689
990
685
218
707
935
476
658
728
705
302
355
182
22
456
843
253
116
168
520
945
216
975
859
456
7
88
318
833
15
821
230
691
764
481
371
434
920
811
455
427
168
378
488
562
71
12
547
967
320
959
211
159
277
875
381
476
86
280
155
773
159
265
460
24
29
364
607
394
847
55
747
963
779
409
207
169
15
967
733
614
253
842
582
524
549
280
17
124
838
93
282
310
376
429
827
516
821
638
368
558
773
426
63
532
175
745
247
366
637
439
826
128
819
137
475
183
941
529
195
725
528
488
178
976
72
476
76
827
424
589
682
488
713
725
764
599
121
863
203
549
284
283
964
960
477
824
215
313
854
605
559
664
736
745
392
47
806
517
382
578
607
876
253
466
356
302
941
583
843
104
931
326
54
578
504
303
571
770
897
218
798
421
686
828
442
119
383
774
167
768
159
299
197
627
819
151
876
9
39
377
944
201
119
778
114
297
261
278
710
457
979
9
905
969
476
693
256
288
490
265
561
87
482
722
81
26
605
382
330
639
773
146
494
693
936
564
713
357
146
194
360
937
707
551
433
23
25
158
682
223
510
562
232
685
576
614
181
60
48
77
89
716
983
122
410
384
11
387
649
320
504
859
165
96
839
357
219
953
45
696
547
582
289
646
416
270
24
412
423
475
778
359
563
617
948
403
405
417
709
96
390
391
141
209
1000
718
303
385
40
38
495
894
669
979
816
609
794
542
852
612
141
878
538
566
151
701
574
285
691
935
872
941
476
889
443
998
717
632
258
809
614
493
972
284
149
170
387
617
309
676
467
927
418
713
245
6
464
98
871
177
725
492
8
346
351
641
138
102
744
447
520
463
529
906
635
682
968
189
451
740
241
281
650
358
630
850
567
928
531
454
494
140
743
993
49
219
610
131
181
229
757
467
376
263
709
507
487
755
880
65
949
198
592
172
600
198
562
420
534
503
967
190
616
973
731
932
5
164
844
624
954
902
66
66
402
440
511
684
141
559
676
254
281
147
148
339
107
778
981
772
141
227
712
81
647
162
861
163
556
270
318
867
874
504
908
600
405
208
420
719
851
494
728
327
469
755
173
942
53
653
288
311
257
92
584
343
826
422
481
285
39
257
404
661
170
307
435
587
312
510
39
777
463
245
133
575
687
109
563
793
471
976
164
502
217
442
540
454
731
685
718
11
647
842
219
421
525
794
656
280
357
627
607
273
830
966
387
580
601
436
242
267
138
711
445
574
343
997
903
947
730
405
72
349
100
221
226
397
293
236
739
761
223
780
577
935
675
121
726
504
189
104
850
291
731
288
76
860
269
767
265
125
159
868
313
658
6
352
520
784
689
779
424
188
157
346
638
579
211
149
114
763
130
523
258
348
727
994
278
861
163
17
227
402
311
292
22
339
292
288
688
792
133
753
3
395
154
926
738
161
435
160
827
996
250
283
715
11
808
793
930
9
208
548
260
609
276
929
362
986
943
208
589
46
242
140
951
855
220
121
153
49
406
534
816
695
835
488
627
525
807
685
96
761
10
574
682
278
774
44
563
795
462
512
39
212
811
487
592
701
181
130
412
624
900
319
772
991
47
485
256
698
10
102
879
552
454
600
726
710
631
471
882
536
504
775
764
210
777
880
510
124
677
905
230
642
927
88
574
398
603
783
502
248
65
829
468
346
776
749
200
195
28
77
803
801
54
278
352
13
820
765
655
382
930
818
44
436
794
111
788
62
489
226
212
860
541
955
437
175
461
171
616
246
403
645
167
545
694
326
452
362
963
550
267
106
831
248
628
498
700
673
81
121
865
648
879
497
709
397
734
468
12
534
724
124
841
87
517
688
193
957
89
191
807
877
25
352
792
564
801
849
443
958
117
509
400
729
91
85
294
348
168
504
260
958
240
151
23
615
665
532
985
735
921
68
607
726
496
884
542
866
171
919
782
182
991
454
855
568
607
780
413
840
165
994
804
90
370
467
769
352
783
391
216
411
657
658
746
834
930
221
460
64
331
805
741
257
744
863
319
241
410
445
785
750
715
843
60
348
436
492
822
142
513
544
497
729
21
666
812
992
465
477
143
42
670
757
599
244
811
905
827
367
218
403
774
628
841
888
325
239
30
933
623
903
128
836
216
921
385
535
932
376
554
905
868
201
913
461
633
653
387
611
177
212
297
324
35
856
687
685
661
744
188
8
329
759
974
147
937
903
994
529
614
930
551
276
602
974
452
546
316
691
174
196
690
976
555
351
561
251
653
440
655
213
871
470
645
95
188
985
452
939
546
501
418
649
821
383
201
613
33
280
974
987
320
742
555
482
823
398
612
414
272
480
284
443
329
524
981
442
911
483
87
54
772
977
449
294
64
569
398
297
313
485
994
783
755
354
244
417
751
578
726
95
345
969
475
742
43
267
51
847
966
833
596
387
706
889
374
299
46
624
357
797
581
188
558
145
111
916
945
663
968
679
98
174
628
81
165
717
840
293
527
944
345
370
719
671
458
119
470
878
317
6
560
986
276
900
342
772
995
346
481
7
503
30
636
679
210
524
598
175
803
96
351
44
984
234
798
576
364
41
227
588
475
151
313
449
983
436
672
464
767
438
220
902
452
170
952
262
1
528
628
740
723
75
534
847
949
279
642
346
531
473
797
444
697
183
527
466
550
649
529
626
561
181
347
834
644
514
360
268
939
563
506
512
797
151
394
38
147
911
499
491
812
154
581
95
142
967
300
158
742
837
641
145
99
403
33
974
299
909
670
60
205
141
673
218
841
750
495
1
638
952
21
394
26
938
104
217
665
198
75
529
696
733
56
830
967
190
667
597
213
844
465
974
626
460
606
639
548
713
395
696
594
434
881
483
155
623
242
261
944
667
307
906
724
962
801
251
943
845
692
469
554
196
188
546
805
502
607
683
583
8
667
318
997
520
251
345
525
296
632
713
326
215
192
849
646
888
221
108
738
744
204
182
963
278
99
220
537
3
451
282
171
829
588
402
63
592
645
444
965
399
306
494
771
543
747
181
580
778
960
669
18
466
362
443
701
863
36
687
401
987
868
759
767
249
523
544
471
828
704
239
109
525
318
990
495
928
256
532
214
427
342
733
60
457
195
527
701
167
444
703
599
800
123
672
454
819
659
62
22
469
727
244
59
893
282
89
957
285
188
232
426
624
941
96
875
795
802
56
523
146
745
192
219
494
964
105
911
99
449
150
664
558
872
558
675
378
324
307
628
65
233
406
604
87
221
115
217
587
920
916
204
219
851
221
64
622
347
839
432
200
590
816
167
70
776
760
25
339
153
47
640
486
812
793
145
853
564
811
85
132
959
41
707
295
169
704
933
316
172
711
691
407
465
977
561
296
355
582
636
382
551
808
325
59
199
536
50
954
193
589
507
804
132
946
500
497
222
263
455
65
587
403
928
959
59
375
165
764
182
821
131
165
92
731
79
83
283
953
810
540
557
965
275
87
390
159
980
781
477
921
424
218
686
539
532
519
618
411
649
684
25
940
912
292
833
486
533
926
991
316
434
466
99
230
496
278
569
791
615
338
365
448
776
157
343
558
100
465
576
396
743
136
17
385
364
936
327
932
931
492
755
243
25
941
691
910
70
746
381
932
112
738
438
927
151
209
421
732
129
298
272
529
855
98
14
630
833
393
645
917
903
198
539
701
51
525
245
68
44
563
364
144
667
798
307
357
220
593
313
37
678
706
929
68
926
123
856
490
914
887
7
564
487
920
218
240
820
241
169
430
892
181
834
796
48
492
904
612
534
288
723
554
309
66
775
995
842
375
915
147
480
736
239
138
871
646
250
487
364
368
471
406
536
165
524
50
43
327
514
211
687
666
208
993
68
533
336
672
387
105
11
512
235
521
966
822
285
788
926
361
278
402
627
177
997
576
780
390
309
46
515
759
703
858
8
321
629
552
67
648
940
917
278
295
131
874
330
270
178
221
150
742
747
28
964
264
181
347
217
345
171
397
661
466
462
439
460
724
431
324
607
876
1
459
598
138
13
479
998
623
858
830
220
537
883
535
577
855
335
78
834
904
585
47
861
700
967
818
930
95
910
862
836
570
871
219
400
231
910
964
560
532
129
510
637
830
662
671
274
654
818
666
584
316
74
366
509
847
546
25
952
470
580
748
806
506
232
51
869
137
783
872
680
175
675
924
159
512
680
193
266
178
629
655
589
674
290
985
397
314
64
528
908
29
370
516
747
291
15
197
325
236
551
649
482
62
308
390
29
66
646
417
1
239
962
332
767
158
992
729
546
99
446
148
278
932
927
260
360
110
706
589
59
785
198
376
806
80
972
836
401
842
672
277
84
255
318
337
856
551
351
727
300
747
773
19
160
947
914
73
147
123
718
590
330
428
336
622
646
375
634
401
404
461
99
631
727
0
374
259
428
44
421
324
586
526
766
801
664
150
116
881
353
46
180
812
676
615
358
324
296
412
282
258
406
929
84
243
930
260
662
873
391
889
687
646
121
197
721
364
972
814
12
921
217
342
568
897
97
323
674
822
478
623
240
586
588
451
362
457
609
81
440
801
762
102
993
75
785
612
859
58
680
303
892
900
711
180
709
343
254
198
639
235
513
48
272
279
2
105
688
965
160
576
626
209
316
799
767
267
410
977
981
935
998
888
15
978
131
306
611
850
12
377
354
409
802
909
231
39
806
637
658
551
180
501
233
514
204
867
78
640
807
280
152
20
540
170
895
748
604
695
784
270
623
791
809
440
567
695
94
814
519
370
113
883
329
550
175
286
435
207
323
392
550
724
821
676
367
233
207
934
461
206
845
284
90
657
436
875
98
65
397
184
405
682
854
910
163
637
661
628
583
664
148
297
619
429
816
13
207
362
420
671
798
68
848
565
445
396
961
752
438
367
251
967
977
465
362
626
757
589
896
728
710
251
913
503
682
427
7
424
280
624
348
806
379
912
564
802
302
149
703
929
862
765
358
949
16
972
770
592
498
915
959
377
551
467
205
722
566
35
229
720
93
646
721
635
171
590
976
978
846
517
586
194
936
268
992
837
958
566
191
206
345
283
976
998
623
953
989
314
197
895
618
102
671
304
88
217
163
527
291
744
749
300
514
317
239
846
313
114
567
736
944
81
421
738
127
566
702
534
356
175
638
233
179
645
207
828
138
28
59
265
382
772
763
507
668
885
637
327
641
792
283
885
72
30
53
833
580
629
436
578
703
547
44
370
987
140
359
904
462
769
887
181
228
470
541
626
902
559
931
644
296
622
505
218
972
300
822
215
570
840
983
11
365
340
542
263
260
700
524
399
375
775
957
491
446
310
474
877
460
677
714
419
618
35
821
832
753
785
860
293
848
97
707
204
509
151
955
252
431
415
250
734
558
285
471
184
18
46
964
181
934
286
681
526
218
472
306
667
285
641
784
580
49
536
321
181
619
192
595
145
272
792
663
73
385
614
40
699
60
145
693
990
10
587
78
636
232
560
305
367
638
104
717
367
565
571
656
793
309
214
694
482
183
194
15
661
644
868
84
262
477
302
79
109
563
909
641
201
696
143
162
835
108
11
644
629
695
121
30
130
833
467
987
579
333
193
474
733
318
152
939
864
938
98
257
476
548
571
984
417
280
972
459
259
402
26
880
167
606
158
274
355
297
710
542
838
285
399
342
907
356
909
949
862
524
421
332
667
897
119
888
189
869
685
811
27
749
156
575
674
314
449
65
855
680
916
354
813
927
318
163
992
482
250
818
327
614
395
515
319
308
865
579
526
349
578
644
102
246
994
897
971
938
751
265
664
592
925
691
57
937
197
561
994
593
948
1000
852
123
460
430
400
123
757
370
632
95
412
355
920
818
599
184
597
59
739
666
468
427
890
249
422
138
76
462
556
300
427
210
349
721
205
540
913
594
244
807
93
415
378
559
664
213
137
695
684
395
361
242
28
342
955
520
735
598
735
627
81
777
145
705
709
123
675
458
97
319
545
374
843
634
740
964
12
998
322
764
387
734
37
551
50
719
502
607
695
274
353
940
511
150
248
614
584
521
149
675
838
963
11
20
543
729
676
290
221
429
281
291
961
179
842
339
335
184
334
172
187
281
695
148
980
643
568
806
392
725
295
548
561
620
497
415
112
273
280
263
784
635
720
666
917
835
486
230
892
287
597
686
268
281
616
923
533
403
252
900
607
470
248
636
382
917
427
603
767
149
111
366
877
405
918
299
672
805
246
824
842
516
371
659
216
865
561
724
467
734
816
356
149
285
845
792
878
241
837
17
792
592
519
526
805
779
377
342
578
455
505
874
600
155
324
644
903
405
672
880
529
487
927
630
222
920
463
664
495
677
45
583
277
900
365
315
548
213
662
392
717
721
438
607
815
919
232
198
729
725
644
802
470
553
179
170
188
505
389
224
564
326
308
527
998
318
581
559
39
753
685
440
536
817
836
472
880
702
859
14
817
620
717
779
994
882
575
655
26
34
898
598
240
317
56
211
83
342
559
865
870
904
683
954
995
235
683
1
381
361
66
737
39
471
815
159
395
334
320
377
626
450
445
394
977
445
565
382
816
543
69
939
318
924
254
788
496
606
260
781
493
601
492
294
50
136
237
938
56
395
326
5
849
882
156
342
351
649
947
681
375
858
131
59
782
488
663
286
363
6
132
14
806
934
869
443
307
678
955
993
304
31
502
284
283
269
453
881
775
255
87
271
952
353
279
77
778
810
5
156
38
602
433
803
253
528
981
405
803
838
443
820
783
549
36
150
475
353
531
436
263
970
431
118
138
684
811
945
91
460
806
808
949
909
712
713
198
167
286
779
889
562
470
138
116
932
755
166
296
211
795
254
829
150
616
711
749
162
782
639
34
493
131
47
260
754
97
262
711
136
658
477
396
213
949
535
749
188
461
628
503
444
115
527
690
684
535
36
939
622
44
100
637
971
468
237
71
579
631
459
173
120
968
66
422
541
295
556
741
36
529
46
886
644
860
49
542
921
712
937
850
513
932
905
718
215
839
248
617
759
138
489
492
525
381
220
974
741
325
553
758
502
587
177
817
971
718
793
748
406
215
452
567
209
252
460
855
541
929
441
771
739
850
684
701
838
41
807
19
352
316
681
922
825
243
880
434
201
722
361
126
722
40
807
342
768
587
356
179
412
275
280
718
643
784
479
117
843
295
760
185
916
765
726
546
756
575
398
145
901
993
337
152
941
131
766
486
587
791
560
250
28
521
575
204
210
521
946
613
90
872
305
173
263
665
346
401
879
200
999
916
998
14
640
185
149
753
297
187
121
973
294
155
355
786
594
575
951
329
172
339
1
888
132
874
320
3
257
391
463
384
497
416
284
523
781
46
311
701
324
414
674
80
941
434
894
725
245
327
514
469
835
784
899
902
110
21
903
251
418
420
103
139
456
46
601
373
478
101
862
450
431
237
938
83
115
745
265
266
73
709
170
784
537
702
144
407
703
81
512
678
639
775
51
556
672
49
636
61
198
869
414
213
728
770
544
786
512
803
780
557
461
163
165
545
218
471
540
299
575
375
862
538
578
928
516
35
536
430
73
184
734
902
784
805
182
302
195
872
383
205
417
275
828
477
316
193
207
878
997
937
799
276
842
888
450
836
980
566
897
317
111
800
806
178
705
688
585
510
219
816
707
992
298
384
264
811
317
606
616
506
561
718
391
426
850
462
440
377
634
350
301
985
961
344
280
71
19
510
624
848
382
825
253
488
500
761
163
943
583
731
332
496
951
215
275
440
542
901
149
334
874
376
832
242
263
182
746
213
688
817
177
766
652
478
65
875
426
13
347
569
149
663
98
330
420
619
458
890
347
249
78
159
120
415
227
648
62
63
915
735
606
522
256
10
262
42
317
901
875
19
931
583
106
678
666
107
631
147
714
865
894
402
266
298
900
835
358
26
343
664
578
962
911
825
481
232
347
396
539
833
351
587
209
52
147
529
919
800
834
145
247
22
284
665
942
311
285
407
251
46
361
373
971
362
505
987
754
481
345
329
960
910
882
456
956
626
585
61
431
768
683
229
526
468
111
258
457
929
154
229
91
329
454
476
950
497
568
953
374
286
437
165
823
829
224
779
968
64
662
101
188
939
344
874
273
479
831
583
889
94
979
433
700
10
2
547
730
475
366
731
284
35
990
351
134
941
194
662
838
869
812
23
105
293
465
479
905
252
207
803
945
294
75
14
235
83
584
366
642
188
171
461
441
584
32
881
111
434
980
126
954
491
494
986
577
288
498
188
648
701
25
936
181
94
398
162
976
89
243
226
616
511
836
334
520
631
678
253
839
66
330
187
29
216
656
24
348
0
525
831
435
75
869
16
502
412
13
967
46
370
985
955
359
412
133
926
854
919
852
106
64
19
309
69
33
665
468
359
962
498
399
32
394
648
418
753
44
374
140
622
710
61
76
244
734
904
315
805
252
320
349
371
645
128
864
76
678
352
448
410
741
819
374
936
40
523
403
659
669
430
618
619
971
737
232
984
400
478
558
900
292
834
297
110
586
143
19
586
514
52
527
200
451
768
359
515
409
159
876
616
58
266
323
842
103
37
834
135
20
1000
57
352
513
956
70
263
833
231
85
251
122
868
75
881
818
83
205
276
82
525
438
574
596
868
60
260
389
938
639
261
296
67
657
34
605
991
683
978
741
96
95
499
984
229
300
511
804
792
344
55
688
610
198
78
707
478
942
549
521
748
323
551
678
417
865
396
912
49
730
283
532
9
902
170
574
360
259
330
455
983
782
819
24
350
717
268
812
758
945
244
344
167
271
149
407
487
141
570
832
212
108
887
1000
556
367
505
734
739
740
726
714
870
796
837
238
651
323
69
7
613
761
379
511
116
354
911
985
437
541
462
121
325
101
305
979
130
278
32
805
428
798
964
992
798
609
384
505
73
534
361
862
586
238
981
443
128
60
362
150
913
1
428
895
323
367
925
579
566
286
13
640
741
430
993
322
611
871
920
950
334
953
142
967
919
219
243
606
110
129
620
358
686
528
907
229
823
689
614
879
210
387
565
119
893
376
973
328
687
205
823
412
349
655
285
538
631
41
589
329
520
659
796
213
911
268
697
776
904
385
302
694
192
659
852
497
992
876
715
975
461
966
235
188
878
397
625
613
188
859
191
10
942
468
498
281
220
510
991
584
880
87
807
239
188
428
172
377
600
542
522
315
271
427
573
593
187
511
949
84
834
699
334
282
832
525
882
689
887
244
295
908
925
284
208
857
568
679
802
389
265
354
238
970
777
170
282
362
125
224
585
232
322
689
965
453
117
567
791
997
834
886
567
961
211
0
875
860
872
989
0
269
551
474
477
270
938
683
191
407
795
464
662
721
101
576
344
720
182
676
59
62
132
715
702
453
684
908
549
847
482
308
462
360
605
641
458
157
607
257
328
761
699
282
346
43
636
749
607
702
533
675
699
148
60
413
356
882
532
424
621
97
376
381
29
153
563
807
983
814
734
474
276
177
593
780
609
191
404
693
109
716
912
253
815
536
393
500
369
106
897
891
587
566
636
972
94
605
981
208
656
252
537
25
902
182
757
445
607
116
30
663
30
917
476
293
851
171
128
137
270
116
627
383
637
399
398
596
401
923
847
612
204
655
927
925
253
80
603
507
876
406
756
279
251
553
386
892
798
995
548
346
856
925
859
832
560
546
480
76
3
735
700
234
836
804
17
459
958
899
305
242
715
69
960
846
781
295
450
605
972
388
453
137
588
938
160
380
885
699
716
701
195
768
461
967
344
802
265
178
753
831
622
122
942
504
530
758
836
36
566
440
281
420
62
784
395
95
749
226
674
513
177
882
32
123
596
543
82
964
574
762
331
353
645
686
896
944
696
216
108
849
35
606
826
843
546
648
148
932
725
327
485
484
350
580
225
517
753
914
7
119
335
671
314
439
565
909
681
753
975
313
424
110
452
637
216
600
762
377
550
695
563
830
750
313
584
689
585
520
451
426
682
19
523
792
326
810
780
754
385
719
24
980
80
264
220
370
511
960
864
760
408
618
89
254
211
758
526
804
57
608
763
118
610
557
792
36
496
360
749
464
834
508
595
634
858
99
921
699
442
708
121
618
870
203
45
385
185
746
279
349
150
394
652
125
980
195
54
826
884
158
359
133
283
727
227
701
292
886
719
613
770
771
479
203
850
305
354
3
397
242
717
100
835
586
372
508
985
345
368
796
665
302
831
117
826
902
604
565
347
726
697
728
167
376
960
569
280
735
18
438
537
320
261
636
435
24
865
348
154
774
177
426
152
375
316
694
55
372
314
146
405
226
906
860
293
339
516
183
223
837
933
374
408
585
261
833
690
313
220
883
360
914
20
536
626
98
353
328
310
644
501
930
136
342
309
660
876
979
60
529
528
708
265
90
519
926
334
194
596
685
475
852
111
507
320
733
297
216
240
526
610
821
151
43
148
632
574
506
667
21
907
557
521
9
444
982
56
933
788
438
676
514
918
499
478
641
500
736
572
439
262
690
25
310
733
30
74
567
428
848
714
160
539
296
805
362
454
607
915
23
177
264
266
266
965
164
476
514
923
941
554
637
520
129
447
128
530
417
958
502
849
361
404
982
610
559
442
25
724
104
404
263
624
379
16
415
339
900
178
124
528
146
934
541
935
809
953
545
832
212
59
850
959
299
528
159
850
187
702
701
959
962
933
127
160
763
267
674
168
654
231
193
798
572
917
489
872
781
384
631
12
783
555
620
517
378
340
921
862
808
790
967
578
786
218
818
319
426
45
979
41
779
231
555
748
221
797
24
82
305
756
274
116
850
653
679
629
170
108
457
382
424
679
646
807
905
407
855
936
237
968
794
182
927
195
465
751
33
686
728
383
82
281
318
339
461
925
430
56
700
618
198
131
107
605
180
260
621
563
315
944
212
463
796
188
552
449
429
320
216
108
839
399
831
17
479
941
643
420
432
651
721
764
951
249
761
953
186
911
327
616
304
965
857
21
242
311
681
976
849
11
228
112
367
789
806
373
714
287
300
124
23
922
670
866
325
40
802
279
899
948
143
373
341
245
601
784
86
834
741
99
894
840
840
82
775
308
582
841
380
863
565
952
459
317
705
288
275
213
813
506
98
929
33
628
315
806
321
546
646
445
949
76
340
950
454
220
686
358
852
921
485
593
291
429
956
762
392
798
395
551
886
521
164
824
283
890
315
983
785
265
597
554
739
20
299
111
806
781
942
648
877
772
235
575
748
693
104
554
969
384
315
349
997
467
997
566
925
421
810
478
610
659
424
289
624
983
726
839
535
244
636
975
832
962
950
307
60
777
173
619
935
536
930
604
2
75
856
309
332
640
321
732
315
249
342
653
828
728
96
976
561
747
934
148
124
603
820
57
625
142
5
182
895
970
283
362
856
918
965
150
363
554
557
16
910
393
743
810
208
689
6
789
964
566
242
929
813
989
340
14
471
29
111
496
334
548
667
30
677
289
255
236
978
2
974
930
244
46
1000
188
873
705
88
761
285
307
780
499
614
135
62
798
493
701
409
932
935
784
913
503
960
158
949
742
153
716
408
429
142
792
279
650
933
121
953
67
819
979
309
103
794
313
37
501
988
569
44
356
858
121
564
161
948
567
569
971
136
50
226
216
749
649
536
417
936
401
745
181
729
89
1000
171
636
946
639
59
692
396
814
573
14
202
280
881
3
237
31
962
464
175
528
572
895
319
321
687
948
589
419
314
709
688
197
151
690
42
206
605
945
272
26
223
547
12
437
509
930
9
852
802
638
374
73
427
393
868
326
138
437
794
323
535
261
836
842
391
806
181
677
522
932
774
116
925
794
707
725
149
187
81
925
727
978
293
991
713
752
318
341
975
222
922
266
700
502
495
330
863
213
234
509
297
367
936
39
502
101
698
983
487
808
176
280
515
613
780
696
562
419
319
741
64
962
164
478
360
575
967
99
240
588
176
440
646
683
875
227
735
506
247
579
814
604
224
548
228
728
412
80
522
703
549
584
188
681
501
574
601
256
875
35
51
372
75
775
724
360
57
846
963
790
89
911
84
829
854
747
777
947
661
754
792
920
631
682
172
383
469
63
122
836
904
996
63
367
951
13
508
767
245
466
761
397
272
590
120
385
937
98
856
857
989
987
385
42
9
105
593
480
929
405
239
935
792
182
224
891
944
848
904
708
201
306
373
261
155
193
473
239
787
749
265
954
123
853
625
934
736
967
995
342
834
274
660
510
912
498
865
629
528
855
459
757
488
276
314
384
90
525
651
303
363
878
797
10
858
919
827
328
109
824
431
725
298
686
537
10
274
274
892
191
380
45
169
472
297
682
917
178
163
740
218
767
303
230
845
29
999
931
399
468
678
261
274
593
114
820
194
65
786
102
743
810
413
521
457
373
898
115
364
654
975
214
701
678
78
622
749
333
808
174
949
828
59
219
492
917
426
369
950
518
600
434
599
285
388
409
609
142
113
964
32
461
152
568
258
707
725
157
78
799
602
429
879
235
557
820
940
878
132
988
421
222
51
516
411
80
947
398
445
302
211
215
283
263
714
36
190
756
109
377
754
19
138
638
568
720
833
527
801
681
99
791
42
742
113
332
315
446
920
741
442
953
559
714
6
447
782
577
297
133
682
304
41
91
247
629
1000
129
651
607
902
758
655
20
854
716
651
271
654
321
365
18
78
197
563
64
978
358
1
462
915
643
853
240
205
706
673
226
167
270
805
805
618
802
322
703
861
227
393
191
441
567
988
780
341
182
228
346
657
899
116
336
452
507
997
410
922
648
52
242
456
523
765
640
1
172
947
375
643
305
82
204
807
546
440
72
805
508
41
913
901
543
301
290
994
373
866
977
994
914
815
86
754
515
505
730
184
533
344
34
658
8
658
989
780
687
418
787
520
580
15
418
937
193
242
29
110
78
154
275
644
857
852
646
33
788
896
612
289
780
750
126
863
165
368
808
551
412
327
594
925
741
58
911
418
408
314
624
367
764
526
76
960
993
361
944
244
173
589
135
771
119
777
775
733
36
334
87
932
702
668
0
237
355
381
46
728
80
37
915
41
517
125
89
280
254
404
727
56
742
329
845
295
475
592
656
513
639
527
675
710
204
410
973
748
402
875
255
502
362
446
529
833
361
249
33
813
162
771
826
716
254
799
771
790
266
938
433
573
198
720
760
227
171
603
435
101
437
386
651
222
892
143
127
127
751
588
546
699
627
694
190
798
184
989
799
441
174
844
547
987
926
295
561
296
297
662
746
874
686
710
485
130
254
892
744
135
310
345
642
329
332
862
527
625
444
245
649
927
404
527
588
619
382
321
966
587
203
512
458
838
684
609
948
832
352
299
360
527
833
868
773
556
761
523
198
855
783
38
782
954
832
622
186
961
321
940
27
922
434
619
663
637
680
430
969
677
685
880
150
361
93
373
8
314
284
882
323
180
604
642
213
990
688
120
68
339
934
339
943
950
708
253
333
516
437
879
15
395
419
485
471
473
372
221
369
463
958
810
734
686
809
146
197
898
443
364
429
636
392
312
85
321
697
482
774
126
657
815
611
561
409
67
559
962
972
813
831
984
395
646
115
750
759
802
25
737
55
664
550
337
576
446
903
873
567
707
122
255
495
746
97
829
844
446
619
571
469
534
50
751
902
931
979
919
389
636
477
608
917
968
215
111
124
602
178
510
176
713
417
299
123
490
49
929
490
563
735
483
119
560
694
694
743
302
442
432
954
239
772
673
141
615